REMARK 265 
REMARK 265 EXPERIMENT TYPE : X-RAY SOLUTION SCATTERING
REMARK 265 DATA ACQUISITION
REMARK 265              RADIATION SOURCE : BENDING MAGNET 
REMARK 265             SYNCHROTRON (Y/N) : Y 
REMARK 265                      BEAMLINE : B21 DIAMOND LIGHT SOURCE 
REMARK 265
REMARK 265       DATA REDUCTION SOFTWARE : SCATTER (v3.0a)
REMARK 265               SOFTWARE AUTHOR : RP RAMBO
REMARK 265        DATA ANALYSIS SOFTWARE : SCATTER (v3.0a)
REMARK 265               SOFTWARE AUTHOR : RP RAMBO
REMARK 265
REMARK 265 EXPERIMENTAL INFO
REMARK 265  INFORMATION CAN BE ADDED BY DUPLICATING THE NOTE LINE BELOW
REMARK 265
REMARK 265  NOTE :  
REMARK 265
REMARK 265 EXPERIMENTAL DETAILS
REMARK 265 BUFFER COMPOSITION 
REMARK 265          TEMPERATURE (KELVIN) : 298
REMARK 265                            PH : X.X
REMARK 265                 SAMPLE BUFFER : XXX mM HEPES
REMARK 265                 SAMPLE BUFFER : XXX mM KCl
REMARK 265                 SAMPLE BUFFER : X mM TCEP
REMARK 265                 SAMPLE BUFFER : X mM KNitrate
REMARK 265
REMARK 265    COLUMNS : q, I(q), error
REMARK 265          q : defined in inverse Angstroms
4.0149828E-03	5.77852E-02	6.91477E-04 
4.2898539E-03	5.75756E-02	5.81938E-04 
4.5647249E-03	5.69842E-02	4.94444E-04 
4.8395963E-03	5.66012E-02	4.31002E-04 
5.1144673E-03	5.63146E-02	3.86008E-04 
5.3893384E-03	5.51041E-02	3.48514E-04 
5.6642098E-03	5.43583E-02	3.17252E-04 
5.9390808E-03	5.42160E-02	2.90900E-04 
6.2139519E-03	5.38183E-02	2.69005E-04 
6.4888233E-03	5.35844E-02	2.55447E-04 
6.7636943E-03	5.34716E-02	2.42348E-04 
7.0385658E-03	5.32772E-02	2.30574E-04 
7.3134368E-03	5.31951E-02	2.21601E-04 
7.5883078E-03	5.29301E-02	2.11887E-04 
7.8631788E-03	5.28929E-02	2.05008E-04 
8.1380503E-03	5.29303E-02	1.97899E-04 
8.4129218E-03	5.27461E-02	1.92124E-04 
8.6877923E-03	5.22585E-02	1.85288E-04 
8.9626638E-03	5.22300E-02	1.80935E-04 
9.2375353E-03	5.26267E-02	1.77849E-04 
9.5124058E-03	5.26214E-02	1.73023E-04 
9.7872773E-03	5.23341E-02	1.69807E-04 
1.0062149E-02	5.24287E-02	1.65969E-04 
1.0337019E-02	5.19861E-02	1.62095E-04 
1.0611891E-02	5.17639E-02	1.58975E-04 
1.0886762E-02	5.19489E-02	1.56665E-04 
1.1161633E-02	5.16831E-02	1.54265E-04 
1.1436504E-02	5.17091E-02	1.51832E-04 
1.1711376E-02	5.18616E-02	1.50248E-04 
1.1986246E-02	5.16035E-02	1.48074E-04 
1.2261118E-02	5.13308E-02	1.45804E-04 
1.2535989E-02	5.15920E-02	1.44527E-04 
1.281086E-02	5.13848E-02	1.42338E-04 
1.3085731E-02	5.11218E-02	1.40936E-04 
1.3360603E-02	5.09655E-02	1.38521E-04 
1.3635473E-02	5.07570E-02	1.36708E-04 
1.3910345E-02	5.07047E-02	1.35505E-04 
1.4185216E-02	5.04461E-02	1.33767E-04 
1.4460087E-02	5.05793E-02	1.32773E-04 
1.4734958E-02	5.04545E-02	1.31248E-04 
1.500983E-02	5.01972E-02	1.29712E-04 
1.528470E-02	5.01490E-02	1.28505E-04 
1.5559572E-02	4.98879E-02	1.27145E-04 
1.5834443E-02	4.96334E-02	1.25896E-04 
1.6109314E-02	4.98558E-02	1.24935E-04 
1.6384186E-02	4.96332E-02	1.23578E-04 
1.6659057E-02	4.93949E-02	1.22112E-04 
1.6933927E-02	4.91678E-02	1.20926E-04 
1.720880E-02	4.90406E-02	1.20085E-04 
1.748367E-02	4.86832E-02	1.18679E-04 
1.7758541E-02	4.86171E-02	1.17734E-04 
1.8033413E-02	4.83218E-02	1.16456E-04 
1.8308284E-02	4.81849E-02	1.15443E-04 
1.8583154E-02	4.80378E-02	1.14491E-04 
1.8858027E-02	4.79344E-02	1.13346E-04 
1.9132897E-02	4.77161E-02	1.12378E-04 
1.9407768E-02	4.77395E-02	1.11415E-04 
1.968264E-02	4.74625E-02	1.10282E-04 
1.9957511E-02	4.72225E-02	1.09553E-04 
2.0232381E-02	4.70367E-02	1.08393E-04 
2.0507254E-02	4.68707E-02	1.07731E-04 
2.0782124E-02	4.67282E-02	1.06706E-04 
2.1056995E-02	4.63912E-02	1.05781E-04 
2.1331867E-02	4.62442E-02	1.04886E-04 
2.1606738E-02	4.61219E-02	1.03955E-04 
2.1881608E-02	4.60310E-02	1.03286E-04 
2.2156481E-02	4.58040E-02	1.02241E-04 
2.2431351E-02	4.55350E-02	1.01662E-04 
2.2706222E-02	4.52918E-02	1.00676E-04 
2.2981094E-02	4.52145E-02	1.00019E-04 
2.3255965E-02	4.48797E-02	9.91718E-05 
2.3530835E-02	4.47611E-02	9.84436E-05 
2.3805708E-02	4.44670E-02	9.76522E-05 
2.4080578E-02	4.44317E-02	9.70818E-05 
2.4355449E-02	4.41730E-02	9.62279E-05 
2.4630321E-02	4.40550E-02	9.56864E-05 
2.4905192E-02	4.37339E-02	9.47784E-05 
2.5180062E-02	4.34727E-02	9.40793E-05 
2.5454935E-02	4.33441E-02	9.33766E-05 
2.5729805E-02	4.32074E-02	9.28429E-05 
2.6004676E-02	4.29925E-02	9.19857E-05 
2.6279548E-02	4.27299E-02	9.11901E-05 
2.6554419E-02	4.25609E-02	9.06020E-05 
2.6829289E-02	4.23769E-02	8.98633E-05 
2.7104162E-02	4.21435E-02	8.93643E-05 
2.7379032E-02	4.19944E-02	8.86908E-05 
2.7653903E-02	4.17302E-02	8.79773E-05 
2.7928775E-02	4.14930E-02	8.72886E-05 
2.8203646E-02	4.13812E-02	8.67364E-05 
2.8478516E-02	4.11904E-02	8.63343E-05 
2.8753389E-02	4.09328E-02	8.55321E-05 
2.9028259E-02	4.05802E-02	8.47531E-05 
2.930313E-02	4.04434E-02	8.42944E-05 
2.9578002E-02	4.01811E-02	8.37152E-05 
2.9852873E-02	4.01196E-02	8.33173E-05 
3.0127743E-02	3.99136E-02	8.26018E-05 
3.0402616E-02	3.95918E-02	8.20604E-05 
3.0677486E-02	3.93946E-02	8.13830E-05 
3.0952357E-02	3.93040E-02	8.10250E-05 
3.1227229E-02	3.89016E-02	8.02551E-05 
3.1502098E-02	3.87888E-02	7.98377E-05 
3.1776972E-02	3.85448E-02	7.92277E-05 
3.2051843E-02	3.84358E-02	7.87070E-05 
3.2326713E-02	3.82702E-02	7.83202E-05 
3.2601584E-02	3.78416E-02	7.76008E-05 
3.2876454E-02	3.76707E-02	7.70497E-05 
3.3151325E-02	3.75847E-02	7.66864E-05 
3.3426199E-02	3.72997E-02	7.59877E-05 
3.370107E-02	3.70285E-02	7.54933E-05 
3.397594E-02	3.68547E-02	7.50338E-05 
3.4250811E-02	3.67259E-02	7.46072E-05 
3.4525681E-02	3.64837E-02	7.40836E-05 
3.4800552E-02	3.62241E-02	7.34633E-05 
3.5075426E-02	3.59906E-02	7.29904E-05 
3.5350297E-02	3.58336E-02	7.25085E-05 
3.5625167E-02	3.56703E-02	7.21595E-05 
3.5900038E-02	3.53502E-02	7.14982E-05 
3.6174908E-02	3.52606E-02	7.11069E-05 
3.6449779E-02	3.51231E-02	7.07335E-05 
3.6724653E-02	3.48764E-02	7.01672E-05 
3.6999524E-02	3.46772E-02	6.98135E-05 
3.7274394E-02	3.45259E-02	6.93606E-05 
3.7549265E-02	3.42378E-02	6.87936E-05 
3.7824135E-02	3.40318E-02	6.83774E-05 
3.8099006E-02	3.36322E-02	6.76774E-05 
3.837388E-02	3.34905E-02	6.74027E-05 
3.8648751E-02	3.32132E-02	6.68006E-05 
3.8923621E-02	3.30262E-02	6.64443E-05 
3.9198492E-02	3.28054E-02	6.60052E-05 
3.9473362E-02	3.26694E-02	6.56135E-05 
3.9748233E-02	3.25138E-02	6.52363E-05 
4.0023107E-02	3.22851E-02	6.47357E-05 
4.0297978E-02	3.19477E-02	6.42159E-05 
4.0572848E-02	3.19578E-02	6.39889E-05 
4.0847719E-02	3.17652E-02	6.35864E-05 
4.1122589E-02	3.13907E-02	6.30152E-05 
4.139746E-02	3.12181E-02	6.25437E-05 
4.1672334E-02	3.09992E-02	6.21324E-05 
4.1947205E-02	3.08485E-02	6.17342E-05 
4.2222075E-02	3.06804E-02	6.14179E-05 
4.2496946E-02	3.03336E-02	6.08654E-05 
4.2771816E-02	3.02250E-02	6.05202E-05 
4.3046687E-02	2.99356E-02	6.01240E-05 
4.3321561E-02	2.97196E-02	5.96547E-05 
4.3596432E-02	2.95326E-02	5.93176E-05 
4.3871302E-02	2.93616E-02	5.89697E-05 
4.4146173E-02	2.91381E-02	5.85345E-05 
4.4421043E-02	2.88484E-02	5.80869E-05 
4.4695914E-02	2.86544E-02	5.76844E-05 
4.4970788E-02	2.86188E-02	5.75860E-05 
4.5245659E-02	2.82394E-02	5.69974E-05 
4.5520529E-02	2.80734E-02	5.66742E-05 
4.579540E-02	2.81206E-02	5.66269E-05 
4.607027E-02	2.78976E-02	5.73116E-05 
4.6345141E-02	2.76402E-02	5.87643E-05 
4.6620015E-02	2.76619E-02	5.96954E-05 
4.6894886E-02	2.72793E-02	6.00979E-05 
4.7169756E-02	2.70139E-02	6.03490E-05 
4.7444627E-02	2.68299E-02	6.06354E-05 
4.7719497E-02	2.65616E-02	6.08313E-05 
4.7994372E-02	2.63865E-02	6.10272E-05 
4.8269242E-02	2.61471E-02	6.12194E-05 
4.8544113E-02	2.59970E-02	6.13603E-05 
4.8818983E-02	2.58149E-02	6.15367E-05 
4.9093854E-02	2.57102E-02	6.18614E-05 
4.9368724E-02	2.54244E-02	6.17454E-05 
4.9643598E-02	2.50175E-02	6.15842E-05 
4.9918469E-02	2.49745E-02	6.17982E-05 
5.019334E-02	2.49091E-02	6.20406E-05 
5.046821E-02	2.45722E-02	6.19023E-05 
5.0743081E-02	2.45845E-02	6.03413E-05 
5.1017951E-02	2.46035E-02	5.83395E-05 
5.1292825E-02	2.43262E-02	5.69291E-05 
5.1567696E-02	2.40326E-02	5.58494E-05 
5.1842567E-02	2.38557E-02	5.51487E-05 
5.2117437E-02	2.36354E-02	5.44263E-05 
5.2392308E-02	2.34341E-02	5.38522E-05 
5.2667178E-02	2.33438E-02	5.33121E-05 
5.2942052E-02	2.31199E-02	5.27713E-05 
5.3216923E-02	2.28364E-02	5.20940E-05 
5.3491794E-02	2.26845E-02	5.16341E-05 
5.3766664E-02	2.24989E-02	5.12005E-05 
5.4041535E-02	2.23441E-02	5.07128E-05 
5.4316405E-02	2.22604E-02	5.04359E-05 
5.4591279E-02	2.20416E-02	4.99268E-05 
5.486615E-02	2.18166E-02	4.94803E-05 
5.5141021E-02	2.16303E-02	4.90815E-05 
5.5415891E-02	2.14577E-02	4.87143E-05 
5.5690762E-02	2.12624E-02	4.83541E-05 
5.5965632E-02	2.10568E-02	4.78818E-05 
5.6240506E-02	2.09341E-02	4.76012E-05 
5.6515377E-02	2.06800E-02	4.71532E-05 
5.6790248E-02	2.05374E-02	4.68748E-05 
5.7065118E-02	2.03783E-02	4.65338E-05 
5.7339989E-02	2.02316E-02	4.62501E-05 
5.7614859E-02	2.00645E-02	4.59428E-05 
5.7889733E-02	1.98942E-02	4.55831E-05 
5.8164604E-02	1.97073E-02	4.52381E-05 
5.8439475E-02	1.95442E-02	4.49710E-05 
5.8714345E-02	1.93862E-02	4.46526E-05 
5.8989216E-02	1.91957E-02	4.43561E-05 
5.9264086E-02	1.90655E-02	4.40817E-05 
5.953896E-02	1.88457E-02	4.37084E-05 
5.9813831E-02	1.87163E-02	4.34655E-05 
6.0088702E-02	1.85719E-02	4.31457E-05 
6.0363572E-02	1.84848E-02	4.29943E-05 
6.0638443E-02	1.82166E-02	4.26060E-05 
6.0913313E-02	1.80345E-02	4.23214E-05 
6.1188187E-02	1.78434E-02	4.19692E-05 
6.1463058E-02	1.76832E-02	4.17146E-05 
6.1737929E-02	1.75933E-02	4.14696E-05 
6.2012799E-02	1.75398E-02	4.12997E-05 
6.228767E-02	1.72873E-02	4.09390E-05 
6.256254E-02	1.71449E-02	4.06734E-05 
6.2837414E-02	1.69855E-02	4.04513E-05 
6.3112281E-02	1.67865E-02	4.01028E-05 
6.3387156E-02	1.65526E-02	3.97430E-05 
6.366203E-02	1.64715E-02	3.95888E-05 
6.3936897E-02	1.64016E-02	3.94124E-05 
6.4211771E-02	1.61739E-02	3.90482E-05 
6.4486638E-02	1.61129E-02	3.89168E-05 
6.4761512E-02	1.59327E-02	3.86072E-05 
6.5036379E-02	1.57860E-02	3.83397E-05 
6.5311253E-02	1.56659E-02	3.81344E-05 
6.5586127E-02	1.55501E-02	3.79384E-05 
6.5860994E-02	1.53062E-02	3.75625E-05 
6.6135868E-02	1.51590E-02	3.73456E-05 
6.6410735E-02	1.50472E-02	3.71422E-05 
6.668561E-02	1.49461E-02	3.69484E-05 
6.6960484E-02	1.47850E-02	3.66830E-05 
6.7235351E-02	1.46097E-02	3.63872E-05 
6.7510225E-02	1.44785E-02	3.61711E-05 
6.7785092E-02	1.43414E-02	3.59704E-05 
6.8059966E-02	1.42229E-02	3.57838E-05 
6.8334833E-02	1.40288E-02	3.54618E-05 
6.8609707E-02	1.39069E-02	3.52749E-05 
6.8884581E-02	1.37512E-02	3.50176E-05 
6.9159448E-02	1.36706E-02	3.48412E-05 
6.9434322E-02	1.35690E-02	3.47002E-05 
6.9709189E-02	1.33995E-02	3.45667E-05 
6.9984064E-02	1.32682E-02	3.45685E-05 
7.0258938E-02	1.31644E-02	3.45797E-05 
7.0533805E-02	1.30293E-02	3.45358E-05 
7.0808679E-02	1.28907E-02	3.44708E-05 
7.1083546E-02	1.27438E-02	3.43755E-05 
7.135842E-02	1.26877E-02	3.43651E-05 
7.1633287E-02	1.25447E-02	3.42084E-05 
7.1908161E-02	1.23873E-02	3.39171E-05 
7.2183035E-02	1.22786E-02	3.37212E-05 
7.2457902E-02	1.21589E-02	3.34602E-05 
7.2732776E-02	1.20298E-02	3.32053E-05 
7.3007643E-02	1.19507E-02	3.30103E-05 
7.3282517E-02	1.17738E-02	3.26878E-05 
7.3557392E-02	1.16247E-02	3.24739E-05 
7.3832259E-02	1.15282E-02	3.22505E-05 
7.4107133E-02	1.14248E-02	3.20759E-05 
7.438200E-02	1.13188E-02	3.18796E-05 
7.4656874E-02	1.11848E-02	3.16093E-05 
7.4931741E-02	1.11389E-02	3.15000E-05 
7.5206615E-02	1.10254E-02	3.12514E-05 
7.5481489E-02	1.08343E-02	3.09634E-05 
7.5756356E-02	1.07043E-02	3.07543E-05 
7.603123E-02	1.06051E-02	3.05473E-05 
7.6306097E-02	1.05541E-02	3.04094E-05 
7.6580971E-02	1.03982E-02	3.01285E-05 
7.6855846E-02	1.02982E-02	2.99938E-05 
7.7130713E-02	1.01966E-02	2.97959E-05 
7.7405587E-02	1.00519E-02	2.95593E-05 
7.7680454E-02	9.96005E-03	2.93695E-05 
7.7955328E-02	9.83362E-03	2.91365E-05 
7.8230195E-02	9.71395E-03	2.89902E-05 
7.8505069E-02	9.64105E-03	2.88044E-05 
7.8779943E-02	9.61062E-03	2.87422E-05 
7.905481E-02	9.45985E-03	2.84927E-05 
7.9329684E-02	9.33968E-03	2.82696E-05 
7.9604551E-02	9.27581E-03	2.81404E-05 
7.9879425E-02	9.14087E-03	2.79118E-05 
8.015430E-02	9.03018E-03	2.77654E-05 
8.0429167E-02	8.95004E-03	2.75883E-05 
8.0704041E-02	8.86677E-03	2.74305E-05 
8.0978908E-02	8.72816E-03	2.72056E-05 
8.1253782E-02	8.65141E-03	2.70195E-05 
8.1528649E-02	8.53841E-03	2.67841E-05 
8.1803523E-02	8.45273E-03	2.65670E-05 
8.2078397E-02	8.40240E-03	2.63576E-05 
8.2353264E-02	8.29848E-03	2.60745E-05 
8.2628138E-02	8.15840E-03	2.58026E-05 
8.2903005E-02	8.09563E-03	2.56603E-05 
8.3177879E-02	8.02941E-03	2.54920E-05 
8.3452754E-02	7.94112E-03	2.53684E-05 
8.3727621E-02	7.83160E-03	2.51711E-05 
8.4002495E-02	7.78213E-03	2.50764E-05 
8.4277362E-02	7.69015E-03	2.49844E-05 
8.4552236E-02	7.57156E-03	2.48552E-05 
8.4827103E-02	7.49118E-03	2.48233E-05 
8.5101977E-02	7.35249E-03	2.46737E-05 
8.5376851E-02	7.29720E-03	2.46111E-05 
8.5651718E-02	7.20437E-03	2.44620E-05 
8.5926592E-02	7.14806E-03	2.43573E-05 
8.6201459E-02	7.02829E-03	2.41531E-05 
8.6476333E-02	6.99277E-03	2.40668E-05 
8.6751208E-02	6.91356E-03	2.39781E-05 
8.7026075E-02	6.81327E-03	2.37711E-05 
8.7300949E-02	6.73771E-03	2.36221E-05 
8.7575816E-02	6.64944E-03	2.34668E-05 
8.785069E-02	6.60347E-03	2.33465E-05 
8.8125557E-02	6.55225E-03	2.32728E-05 
8.8400431E-02	6.41737E-03	2.30533E-05 
8.8675305E-02	6.29536E-03	2.28512E-05 
8.8950172E-02	6.25287E-03	2.27419E-05 
8.9225046E-02	6.20750E-03	2.26112E-05 
8.9499913E-02	6.16372E-03	2.25382E-05 
8.9774787E-02	6.08682E-03	2.23896E-05 
9.0049662E-02	5.99178E-03	2.22452E-05 
9.0324529E-02	5.93336E-03	2.21360E-05 
9.0599403E-02	5.80795E-03	2.18941E-05 
9.087427E-02	5.79255E-03	2.18800E-05 
9.1149144E-02	5.71605E-03	2.17060E-05 
9.1424011E-02	5.64974E-03	2.16081E-05 
9.1698885E-02	5.62051E-03	2.15172E-05 
9.1973759E-02	5.52190E-03	2.13427E-05 
9.2248626E-02	5.43640E-03	2.12230E-05 
9.252350E-02	5.32940E-03	2.10278E-05 
9.2798367E-02	5.29604E-03	2.09815E-05 
9.3073241E-02	5.25599E-03	2.08663E-05 
9.3348116E-02	5.18453E-03	2.07380E-05 
9.3622983E-02	5.11747E-03	2.06203E-05 
9.3897857E-02	5.06057E-03	2.06170E-05 
9.4172724E-02	5.01551E-03	2.05008E-05 
9.4447598E-02	4.95627E-03	2.03140E-05 
9.4722465E-02	4.85998E-03	2.01515E-05 
9.4997339E-02	4.83310E-03	2.00938E-05 
9.5272213E-02	4.77345E-03	1.99894E-05 
9.554708E-02	4.72142E-03	1.99226E-05 
9.5821954E-02	4.65255E-03	1.97785E-05 
9.6096821E-02	4.62062E-03	1.96871E-05 
9.6371695E-02	4.55608E-03	1.95788E-05 
9.664657E-02	4.52885E-03	1.95432E-05 
9.6921436E-02	4.42528E-03	1.93786E-05 
9.7196311E-02	4.37490E-03	1.92882E-05 
9.7471178E-02	4.35532E-03	1.92426E-05 
9.7746052E-02	4.28560E-03	1.90952E-05 
9.8020919E-02	4.21129E-03	1.89998E-05 
9.8295793E-02	4.17161E-03	1.89211E-05 
9.8570667E-02	4.13381E-03	1.88479E-05 
9.8845534E-02	4.09887E-03	1.88007E-05 
9.9120408E-02	4.01385E-03	1.86363E-05 
9.9395275E-02	3.98563E-03	1.85922E-05 
9.9670149E-02	3.95044E-03	1.85054E-05 
9.9945024E-02	3.86147E-03	1.83485E-05 
1.0021989E-01	3.81599E-03	1.82570E-05 
1.0049476E-01	3.79347E-03	1.81920E-05 
1.0076963E-01	3.75912E-03	1.81764E-05 
1.0104451E-01	3.71948E-03	1.80862E-05 
1.0131937E-01	3.69864E-03	1.80637E-05 
1.0159425E-01	3.62277E-03	1.79522E-05 
1.0186912E-01	3.54518E-03	1.78139E-05 
1.0214399E-01	3.53193E-03	1.78042E-05 
1.0241886E-01	3.46651E-03	1.76703E-05 
1.0269373E-01	3.45821E-03	1.76588E-05 
1.029686E-01	3.44548E-03	1.76076E-05 
1.0324348E-01	3.34039E-03	1.74386E-05 
1.0351834E-01	3.32430E-03	1.73922E-05 
1.0379322E-01	3.31054E-03	1.73550E-05 
1.0406809E-01	3.27592E-03	1.73213E-05 
1.0434296E-01	3.23792E-03	1.75147E-05 
1.0461783E-01	3.15718E-03	1.77513E-05 
1.048927E-01	3.15538E-03	1.79878E-05 
1.0516758E-01	3.10569E-03	1.80888E-05 
1.0544244E-01	3.05503E-03	1.81081E-05 
1.0571732E-01	3.06918E-03	1.82307E-05 
1.0599218E-01	3.00122E-03	1.82216E-05 
1.0626706E-01	2.92789E-03	1.81682E-05 
1.0654193E-01	2.90649E-03	1.82231E-05 
1.068168E-01	2.92086E-03	1.83399E-05 
1.0709167E-01	2.87567E-03	1.82955E-05 
1.0736654E-01	2.82143E-03	1.83022E-05 
1.0764141E-01	2.77820E-03	1.82024E-05 
1.0791628E-01	2.74426E-03	1.81580E-05 
1.0819115E-01	2.72161E-03	1.81340E-05 
1.0846603E-01	2.71521E-03	1.81595E-05 
1.087409E-01	2.66718E-03	1.81396E-05 
1.0901577E-01	2.66619E-03	1.79365E-05 
1.0929064E-01	2.61496E-03	1.74597E-05 
1.0956551E-01	2.56208E-03	1.71547E-05 
1.0984039E-01	2.55766E-03	1.70247E-05 
1.1011525E-01	2.48632E-03	1.68652E-05 
1.1039013E-01	2.51085E-03	1.66611E-05 
1.1066499E-01	2.49040E-03	1.64805E-05 
1.1093987E-01	2.46365E-03	1.63540E-05 
1.1121473E-01	2.41971E-03	1.62329E-05 
1.1148961E-01	2.37770E-03	1.60764E-05 
1.1176448E-01	2.36212E-03	1.59667E-05 
1.1203935E-01	2.33035E-03	1.58955E-05 
1.1231422E-01	2.31478E-03	1.57904E-05 
1.1258909E-01	2.31144E-03	1.57651E-05 
1.1286397E-01	2.26482E-03	1.56485E-05 
1.1313884E-01	2.23987E-03	1.55688E-05 
1.1341371E-01	2.22463E-03	1.55063E-05 
1.1368858E-01	2.15273E-03	1.53175E-05 
1.1396345E-01	2.14699E-03	1.52822E-05 
1.1423832E-01	2.11942E-03	1.51984E-05 
1.145132E-01	2.14703E-03	1.52136E-05 
1.1478806E-01	2.10582E-03	1.50894E-05 
1.1506294E-01	2.07685E-03	1.50087E-05 
1.153378E-01	2.06329E-03	1.49752E-05 
1.1561268E-01	2.03095E-03	1.48461E-05 
1.1588755E-01	2.05873E-03	1.48880E-05 
1.1616242E-01	2.00166E-03	1.47397E-05 
1.1643729E-01	1.95479E-03	1.46396E-05 
1.1671216E-01	1.91356E-03	1.45464E-05 
1.1698703E-01	1.94567E-03	1.45662E-05 
1.172619E-01	1.91466E-03	1.44863E-05 
1.1753678E-01	1.90218E-03	1.44189E-05 
1.1781165E-01	1.88173E-03	1.43667E-05 
1.1808652E-01	1.87282E-03	1.43463E-05 
1.1836139E-01	1.81378E-03	1.41916E-05 
1.1863626E-01	1.79393E-03	1.41462E-05 
1.1891113E-01	1.81241E-03	1.41608E-05 
1.191860E-01	1.79351E-03	1.40921E-05 
1.1946087E-01	1.78444E-03	1.40590E-05 
1.1973575E-01	1.75600E-03	1.39798E-05 
1.2001061E-01	1.74514E-03	1.39602E-05 
1.2028549E-01	1.73210E-03	1.38942E-05 
1.2056036E-01	1.67751E-03	1.37787E-05 
1.2083523E-01	1.68532E-03	1.37823E-05 
1.211101E-01	1.66941E-03	1.37185E-05 
1.2138497E-01	1.66084E-03	1.36994E-05 
1.2165985E-01	1.63139E-03	1.36099E-05 
1.2193471E-01	1.63080E-03	1.35833E-05 
1.2220959E-01	1.61195E-03	1.35228E-05 
1.2248445E-01	1.59490E-03	1.34736E-05 
1.2275933E-01	1.59035E-03	1.34524E-05 
1.230342E-01	1.59136E-03	1.34384E-05 
1.2330907E-01	1.53686E-03	1.33208E-05 
1.2358394E-01	1.52431E-03	1.32768E-05 
1.2385881E-01	1.54715E-03	1.32959E-05 
1.2413368E-01	1.52502E-03	1.32001E-05 
1.2440856E-01	1.50431E-03	1.31307E-05 
1.2468342E-01	1.47787E-03	1.30236E-05 
1.249583E-01	1.51821E-03	1.30579E-05 
1.2523317E-01	1.47602E-03	1.29683E-05 
1.2550804E-01	1.47940E-03	1.29629E-05 
1.2578291E-01	1.47674E-03	1.29165E-05 
1.2605779E-01	1.45862E-03	1.28778E-05 
1.2633266E-01	1.43891E-03	1.28332E-05 
1.2660752E-01	1.41327E-03	1.27714E-05 
1.2688239E-01	1.39731E-03	1.27162E-05 
1.2715727E-01	1.40363E-03	1.27352E-05 
1.2743214E-01	1.38035E-03	1.26760E-05 
1.277070E-01	1.35666E-03	1.26011E-05 
1.2798189E-01	1.35914E-03	1.26185E-05 
1.2825675E-01	1.35065E-03	1.26032E-05 
1.2853162E-01	1.32980E-03	1.25766E-05 
1.2880649E-01	1.30696E-03	1.25354E-05 
1.2908137E-01	1.29554E-03	1.25202E-05 
1.2935624E-01	1.31976E-03	1.25439E-05 
1.296311E-01	1.32301E-03	1.25120E-05 
1.2990598E-01	1.29301E-03	1.24631E-05 
1.3018085E-01	1.26952E-03	1.24004E-05 
1.3045572E-01	1.25824E-03	1.23757E-05 
1.3073058E-01	1.28434E-03	1.24063E-05 
1.3100547E-01	1.27188E-03	1.23460E-05 
1.3128033E-01	1.26931E-03	1.23496E-05 
1.315552E-01	1.25345E-03	1.23020E-05 
1.3183008E-01	1.21175E-03	1.22249E-05 
1.3210495E-01	1.23034E-03	1.22422E-05 
1.3237981E-01	1.22264E-03	1.22022E-05 
1.326547E-01	1.21025E-03	1.21630E-05 
1.3292956E-01	1.20390E-03	1.21308E-05 
1.3320443E-01	1.20870E-03	1.21333E-05 
1.334793E-01	1.18245E-03	1.20834E-05 
1.3375418E-01	1.17349E-03	1.20432E-05 
1.3402905E-01	1.18881E-03	1.20647E-05 
1.3430391E-01	1.18579E-03	1.20373E-05 
1.3457879E-01	1.16905E-03	1.19973E-05 
1.3485366E-01	1.15594E-03	1.19825E-05 
1.3512853E-01	1.13968E-03	1.19416E-05 
1.3540339E-01	1.12889E-03	1.18944E-05 
1.3567828E-01	1.13191E-03	1.18778E-05 
1.3595314E-01	1.12963E-03	1.18690E-05 
1.3622801E-01	1.13304E-03	1.19353E-05 
1.3650289E-01	1.10245E-03	1.18576E-05 
1.3677776E-01	1.08800E-03	1.17575E-05 
1.3705263E-01	1.11364E-03	1.17677E-05 
1.3732749E-01	1.12502E-03	1.17812E-05 
1.3760237E-01	1.09335E-03	1.16951E-05 
1.3787724E-01	1.08244E-03	1.16747E-05 
1.3815211E-01	1.06963E-03	1.16230E-05 
1.3842699E-01	1.07014E-03	1.16146E-05 
1.3870186E-01	1.08840E-03	1.16355E-05 
1.3897672E-01	1.06299E-03	1.15667E-05 
1.392516E-01	1.04999E-03	1.15336E-05 
1.3952647E-01	1.06603E-03	1.15295E-05 
1.3980134E-01	1.04497E-03	1.14890E-05 
1.4007621E-01	1.04685E-03	1.14888E-05 
1.4035109E-01	1.02404E-03	1.14221E-05 
1.4062595E-01	1.05049E-03	1.14738E-05 
1.4090082E-01	1.03319E-03	1.14065E-05 
1.411757E-01	1.00667E-03	1.13529E-05 
1.4145057E-01	1.00944E-03	1.13440E-05 
1.4172544E-01	1.00115E-03	1.13149E-05 
1.420003E-01	1.01717E-03	1.13435E-05 
1.4227518E-01	9.82414E-04	1.12750E-05 
1.4255005E-01	9.81752E-04	1.12661E-05 
1.4282492E-01	9.89562E-04	1.12455E-05 
1.430998E-01	9.88082E-04	1.12357E-05 
1.4337467E-01	9.87340E-04	1.12178E-05 
1.4364953E-01	9.65882E-04	1.11683E-05 
1.439244E-01	9.82505E-04	1.12038E-05 
1.4419928E-01	9.70222E-04	1.11466E-05 
1.4447415E-01	9.67610E-04	1.11348E-05 
1.4474902E-01	9.62727E-04	1.11139E-05 
1.450239E-01	9.62446E-04	1.11000E-05 
1.4529876E-01	9.45155E-04	1.10676E-05 
1.4557363E-01	9.47207E-04	1.10639E-05 
1.4584851E-01	9.52425E-04	1.10590E-05 
1.4612338E-01	9.59981E-04	1.10545E-05 
1.4639825E-01	9.50833E-04	1.10432E-05 
1.4667311E-01	9.40467E-04	1.10144E-05 
1.4694799E-01	9.30291E-04	1.09955E-05 
1.4722286E-01	9.10235E-04	1.09634E-05 
1.4749773E-01	8.93687E-04	1.09180E-05 
1.4777261E-01	9.07535E-04	1.09208E-05 
1.4804748E-01	9.10110E-04	1.09042E-05 
1.4832234E-01	9.13714E-04	1.09112E-05 
1.4859721E-01	9.12723E-04	1.09234E-05 
1.4887209E-01	9.08025E-04	1.08870E-05 
1.4914696E-01	8.98740E-04	1.08573E-05 
1.4942183E-01	8.78758E-04	1.08190E-05 
1.4969671E-01	8.85084E-04	1.08128E-05 
1.4997157E-01	8.78562E-04	1.08117E-05 
1.5024644E-01	8.66963E-04	1.07765E-05 
1.5052131E-01	8.75402E-04	1.07740E-05 
1.5079619E-01	8.74945E-04	1.07712E-05 
1.5107106E-01	8.72565E-04	1.08266E-05 
1.5134592E-01	8.81342E-04	1.08355E-05 
1.5162081E-01	8.57878E-04	1.07334E-05 
1.5189567E-01	8.65301E-04	1.08086E-05 
1.5217054E-01	8.63817E-04	1.08181E-05 
1.5244542E-01	8.64791E-04	1.08210E-05 
1.5272029E-01	8.54217E-04	1.07325E-05 
1.5299515E-01	8.39576E-04	1.06921E-05 
1.5327002E-01	8.43436E-04	1.06192E-05 
1.535449E-01	8.41162E-04	1.05714E-05 
1.5381977E-01	8.20748E-04	1.05329E-05 
1.5409464E-01	8.39585E-04	1.05521E-05 
1.5436952E-01	8.17883E-04	1.05062E-05 
1.5464438E-01	8.06668E-04	1.04737E-05 
1.5491925E-01	8.12539E-04	1.04977E-05 
1.5519412E-01	8.22913E-04	1.05002E-05 
1.554690E-01	8.02328E-04	1.04391E-05 
1.5574387E-01	8.08863E-04	1.04496E-05 
1.5601873E-01	8.19142E-04	1.04452E-05 
1.5629362E-01	8.06115E-04	1.04045E-05 
1.5656848E-01	7.85975E-04	1.03796E-05 
1.5684335E-01	7.76736E-04	1.03343E-05 
1.5711822E-01	7.90423E-04	1.03482E-05 
1.573931E-01	7.88418E-04	1.03279E-05 
1.5766796E-01	8.13395E-04	1.03703E-05 
1.5794283E-01	8.02872E-04	1.03368E-05 
1.5821771E-01	7.82616E-04	1.02877E-05 
1.5849258E-01	7.90667E-04	1.03142E-05 
1.5876745E-01	7.76225E-04	1.02685E-05 
1.5904233E-01	7.87149E-04	1.02844E-05 
1.593172E-01	7.83746E-04	1.02468E-05 
1.5959206E-01	7.81013E-04	1.02479E-05 
1.5986693E-01	7.64553E-04	1.02115E-05 
1.6014181E-01	7.47553E-04	1.01607E-05 
1.6041668E-01	7.55746E-04	1.01713E-05 
1.6069154E-01	7.60252E-04	1.01683E-05 
1.6096643E-01	7.66027E-04	1.01730E-05 
1.6124129E-01	7.44394E-04	1.01139E-05 
1.6151616E-01	7.42676E-04	1.01097E-05 
1.6179103E-01	7.28190E-04	1.00674E-05 
1.6206591E-01	7.34441E-04	1.00721E-05 
1.6234078E-01	7.33301E-04	1.00751E-05 
1.6261564E-01	7.23958E-04	1.01774E-05 
1.6289052E-01	7.14117E-04	1.03198E-05 
1.6316539E-01	7.12773E-04	1.04249E-05 
1.6344026E-01	7.19241E-04	1.05050E-05 
1.6371512E-01	6.99110E-04	1.05222E-05 
1.6399001E-01	7.13547E-04	1.06086E-05 
1.6426487E-01	7.19324E-04	1.06526E-05 
1.6453974E-01	7.02992E-04	1.06830E-05 
1.6481462E-01	7.03827E-04	1.07125E-05 
1.6508949E-01	7.10454E-04	1.07745E-05 
1.6536435E-01	7.14217E-04	1.08196E-05 
1.6563924E-01	7.14123E-04	1.08680E-05 
1.659141E-01	7.03786E-04	1.08405E-05 
1.6618897E-01	6.97383E-04	1.08447E-05 
1.6646384E-01	6.96850E-04	1.08845E-05 
1.6673872E-01	6.77316E-04	1.08608E-05 
1.6701359E-01	6.67040E-04	1.08871E-05 
1.6728845E-01	6.76399E-04	1.07743E-05 
1.6756333E-01	6.84848E-04	1.05917E-05 
1.678382E-01	6.78609E-04	1.04932E-05 
1.6811307E-01	6.92548E-04	1.04415E-05 
1.6838793E-01	6.79960E-04	1.03587E-05 
1.6866282E-01	6.66747E-04	1.02872E-05 
1.6893768E-01	6.71841E-04	1.02561E-05 
1.6921255E-01	6.69978E-04	1.02118E-05 
1.6948743E-01	6.54812E-04	1.01469E-05 
1.697623E-01	6.32604E-04	1.00886E-05 
1.7003717E-01	6.38784E-04	1.00662E-05 
1.7031203E-01	6.43120E-04	1.00357E-05 
1.7058691E-01	6.63081E-04	1.00608E-05 
1.7086178E-01	6.50895E-04	1.00008E-05 
1.7113665E-01	6.37972E-04	9.96852E-06 
1.7141153E-01	6.37326E-04	9.94397E-06 
1.716864E-01	6.33248E-04	9.91175E-06 
1.7196126E-01	6.29579E-04	9.88801E-06 
1.7223614E-01	6.25194E-04	9.86089E-06 
1.7251101E-01	6.34224E-04	9.85667E-06 
1.7278588E-01	6.20751E-04	9.80640E-06 
1.7306075E-01	6.06201E-04	9.77267E-06 
1.7333563E-01	6.16974E-04	9.76845E-06 
1.7361049E-01	6.33463E-04	9.76444E-06 
1.7388536E-01	6.19234E-04	9.73979E-06 
1.7416024E-01	5.89583E-04	9.66745E-06 
1.7443511E-01	5.95563E-04	9.67865E-06 
1.7470998E-01	6.00844E-04	9.67138E-06 
1.7498484E-01	5.78442E-04	9.61006E-06 
1.7525972E-01	5.86689E-04	9.61147E-06 
1.7553459E-01	6.18734E-04	9.63735E-06 
1.7580946E-01	5.98432E-04	9.58902E-06 
1.7608434E-01	5.87195E-04	9.53913E-06 
1.7635921E-01	6.05788E-04	9.55461E-06 
1.7663407E-01	6.01319E-04	9.51176E-06 
1.7690895E-01	5.80640E-04	9.46787E-06 
1.7718382E-01	5.86050E-04	9.48321E-06 
1.7745869E-01	5.58103E-04	9.40104E-06 
1.7773356E-01	5.76203E-04	9.42317E-06 
1.7800844E-01	5.77199E-04	9.39509E-06 
1.782833E-01	5.72894E-04	9.38029E-06 
1.7855817E-01	5.79603E-04	9.37817E-06 
1.7883305E-01	5.82022E-04	9.36984E-06 
1.7910792E-01	5.65448E-04	9.33175E-06 
1.7938279E-01	5.62119E-04	9.30361E-06 
1.7965765E-01	5.63023E-04	9.30325E-06 
1.7993253E-01	5.67082E-04	9.29514E-06 
1.802074E-01	5.53305E-04	9.27153E-06 
1.8048227E-01	5.47637E-04	9.26666E-06 
1.8075715E-01	5.64454E-04	9.29492E-06 
1.8103202E-01	5.57016E-04	9.28601E-06 
1.8130688E-01	5.35037E-04	9.23419E-06 
1.8158175E-01	5.40964E-04	9.23916E-06 
1.8185663E-01	5.55357E-04	9.26601E-06 
1.821315E-01	5.55088E-04	9.26321E-06 
1.8240637E-01	5.36780E-04	9.23032E-06 
1.8268125E-01	5.17989E-04	9.17813E-06 
1.8295611E-01	5.29879E-04	9.21265E-06 
1.8323098E-01	5.40664E-04	9.21876E-06 
1.8350586E-01	5.22575E-04	9.15456E-06 
1.8378073E-01	5.25221E-04	9.16295E-06 
1.840556E-01	5.35962E-04	9.15096E-06 
1.8433046E-01	5.25944E-04	9.12777E-06 
1.8460535E-01	4.97271E-04	9.04741E-06 
1.8488021E-01	5.21567E-04	9.09443E-06 
1.8515508E-01	5.09828E-04	9.04397E-06 
1.8542996E-01	5.32785E-04	9.08126E-06 
1.8570483E-01	5.07837E-04	9.02549E-06 
1.8597969E-01	4.97272E-04	8.98785E-06 
1.8625456E-01	5.07766E-04	9.00443E-06 
1.8652944E-01	5.02343E-04	8.97729E-06 
1.8680431E-01	5.00483E-04	8.95899E-06 
1.8707918E-01	4.95547E-04	8.94242E-06 
1.8735406E-01	5.04112E-04	8.94230E-06 
1.8762892E-01	5.02420E-04	8.99627E-06 
1.8790379E-01	4.95683E-04	8.94632E-06 
1.8817866E-01	4.84511E-04	8.92239E-06 
1.8845354E-01	4.66760E-04	8.89834E-06 
1.8872841E-01	4.79254E-04	8.89444E-06 
1.8900327E-01	4.74238E-04	8.87367E-06 
1.8927816E-01	4.73775E-04	8.87511E-06 
1.8955302E-01	4.86263E-04	8.91128E-06 
1.8982789E-01	4.80385E-04	8.87491E-06 
1.9010277E-01	4.59748E-04	8.80460E-06 
1.9037764E-01	4.71046E-04	8.82156E-06 
1.906525E-01	4.61406E-04	8.78093E-06 
1.9092737E-01	4.59366E-04	8.75912E-06 
1.9120225E-01	4.72344E-04	8.75906E-06 
1.9147712E-01	4.54082E-04	8.70995E-06 
1.9175199E-01	4.52881E-04	8.71286E-06 
1.9202687E-01	4.49082E-04	8.71806E-06 
1.9230174E-01	4.60307E-04	8.71484E-06 
1.925766E-01	4.61619E-04	8.68761E-06 
1.9285147E-01	4.57458E-04	8.68108E-06 
1.9312635E-01	4.56451E-04	8.67000E-06 
1.9340122E-01	4.48402E-04	8.63931E-06 
1.9367608E-01	4.28068E-04	8.60482E-06 
1.9395097E-01	4.44901E-04	8.61318E-06 
1.9422583E-01	4.31645E-04	8.59471E-06 
1.945007E-01	4.36429E-04	8.59367E-06 
1.9477557E-01	4.49428E-04	8.59743E-06 
1.9505045E-01	4.47097E-04	8.58195E-06 
1.9532531E-01	4.28081E-04	8.54925E-06 
1.9560018E-01	4.34765E-04	8.56209E-06 
1.9587506E-01	4.28100E-04	8.52589E-06 
1.9614993E-01	4.27090E-04	8.52301E-06 
1.964248E-01	4.29546E-04	8.51880E-06 
1.9669968E-01	4.35318E-04	8.50908E-06 
1.9697455E-01	4.19179E-04	8.48853E-06 
1.9724941E-01	4.12383E-04	8.46306E-06 
1.9752428E-01	4.40750E-04	8.50676E-06 
1.9779916E-01	4.21412E-04	8.45641E-06 
1.9807403E-01	4.19621E-04	8.44896E-06 
1.9834889E-01	4.09438E-04	8.42023E-06 
1.9862378E-01	4.16864E-04	8.42809E-06 
1.9889864E-01	4.22099E-04	8.43410E-06 
1.9917351E-01	4.15954E-04	8.41964E-06 
1.9944838E-01	3.93320E-04	8.37528E-06 
1.9972326E-01	4.05351E-04	8.38454E-06 
1.9999813E-01	4.17123E-04	8.38933E-06 
2.0027299E-01	4.01376E-04	8.36310E-06 
2.0054787E-01	3.97234E-04	8.34925E-06 
2.0082274E-01	4.19759E-04	8.38185E-06 
2.0109761E-01	4.06198E-04	8.36242E-06 
2.0137247E-01	3.83538E-04	8.31312E-06 
2.0164736E-01	3.86206E-04	8.31049E-06 
2.0192222E-01	3.99728E-04	8.32605E-06 
2.0219709E-01	3.84411E-04	8.29212E-06 
2.0247197E-01	3.87229E-04	8.30130E-06 
2.0274684E-01	3.92367E-04	8.30099E-06 
2.0302171E-01	4.06498E-04	8.31940E-06 
2.0329659E-01	3.83238E-04	8.26506E-06 
2.0357145E-01	3.88505E-04	8.27442E-06 
2.0384632E-01	3.75859E-04	8.25584E-06 
2.0412119E-01	3.61229E-04	8.22346E-06 
2.0439607E-01	3.72328E-04	8.23793E-06 
2.0467094E-01	3.83693E-04	8.23920E-06 
2.049458E-01	3.80170E-04	8.22101E-06 
2.0522068E-01	3.74232E-04	8.22039E-06 
2.0549555E-01	3.68260E-04	8.19101E-06 
2.0577042E-01	3.75671E-04	8.19501E-06 
2.0604528E-01	3.82555E-04	8.20603E-06 
2.0632017E-01	3.75281E-04	8.19312E-06 
2.0659503E-01	3.70128E-04	8.17134E-06 
2.068699E-01	3.71895E-04	8.17529E-06 
2.0714478E-01	3.66701E-04	8.15670E-06 
2.0741965E-01	3.63282E-04	8.13777E-06 
2.0769452E-01	3.63878E-04	8.14276E-06 
2.0796938E-01	3.53485E-04	8.11604E-06 
2.0824426E-01	3.53723E-04	8.11090E-06 
2.0851913E-01	3.59842E-04	8.12159E-06 
2.087940E-01	3.57465E-04	8.10469E-06 
2.0906888E-01	3.50244E-04	8.08832E-06 
2.0934375E-01	3.56925E-04	8.10284E-06 
2.0961861E-01	3.45308E-04	8.07328E-06 
2.0989349E-01	3.56748E-04	8.08440E-06 
2.1016836E-01	3.41955E-04	8.05339E-06 
2.1044323E-01	3.35295E-04	8.04773E-06 
2.107181E-01	3.54533E-04	8.07378E-06 
2.1099298E-01	3.47593E-04	8.07033E-06 
2.1126784E-01	3.43139E-04	8.07363E-06 
2.1154271E-01	3.44617E-04	8.08650E-06 
2.1181759E-01	3.60033E-04	8.12055E-06 
2.1209246E-01	3.52137E-04	8.11723E-06 
2.1236733E-01	3.42887E-04	8.10592E-06 
2.1264219E-01	3.27071E-04	8.07556E-06 
2.1291707E-01	3.35223E-04	8.11344E-06 
2.1319194E-01	3.14245E-04	8.08431E-06 
2.1346681E-01	3.10600E-04	8.09256E-06 
2.1374169E-01	3.32093E-04	8.13015E-06 
2.1401656E-01	3.40337E-04	8.13216E-06 
2.1429142E-01	3.23999E-04	8.11850E-06 
2.1456629E-01	3.32751E-04	8.13964E-06 
2.1484117E-01	3.21776E-04	8.13513E-06 
2.1511604E-01	3.24425E-04	8.14787E-06 
2.1539091E-01	3.22238E-04	8.14127E-06 
2.1566579E-01	3.20100E-04	8.14715E-06 
2.1594065E-01	3.25004E-04	8.15941E-06 
2.1621552E-01	3.08133E-04	8.13967E-06 
2.164904E-01	3.03582E-04	8.13405E-06 
2.1676527E-01	3.15859E-04	8.15697E-06 
2.1704014E-01	3.13380E-04	8.16049E-06 
2.173150E-01	3.15962E-04	8.16978E-06 
2.1758988E-01	3.17745E-04	8.17327E-06 
2.1786475E-01	3.12711E-04	8.17721E-06 
2.1813962E-01	3.13628E-04	8.18943E-06 
2.184145E-01	3.07173E-04	8.16839E-06 
2.1868937E-01	2.99609E-04	8.17058E-06 
2.1896423E-01	3.05146E-04	8.18903E-06 
2.192391E-01	3.06127E-04	8.18363E-06 
2.1951398E-01	3.01582E-04	8.18289E-06 
2.1978885E-01	3.03872E-04	8.19068E-06 
2.2006372E-01	2.90937E-04	8.18000E-06 
2.203386E-01	2.92144E-04	8.20090E-06 
2.2061346E-01	2.93455E-04	8.20138E-06 
2.2088833E-01	3.01308E-04	8.31268E-06 
2.211632E-01	3.03978E-04	8.45771E-06 
2.2143808E-01	3.02216E-04	8.54515E-06 
2.2171295E-01	3.01846E-04	8.60442E-06 
2.2198781E-01	2.85405E-04	8.64539E-06 
2.222627E-01	2.82269E-04	8.68903E-06 
2.2253756E-01	2.88449E-04	8.75714E-06 
2.2281243E-01	2.83053E-04	8.80817E-06 
2.2308731E-01	2.72114E-04	8.82404E-06 
2.2336218E-01	2.64685E-04	8.86757E-06 
2.2363704E-01	2.83703E-04	8.94392E-06 
2.2391191E-01	2.85451E-04	8.96293E-06 
2.2418679E-01	2.83293E-04	9.01183E-06 
2.2446166E-01	2.65120E-04	9.00502E-06 
2.2473653E-01	2.84345E-04	9.08848E-06 
2.2501141E-01	2.83322E-04	9.09782E-06 
2.2528628E-01	2.67511E-04	9.11434E-06 
2.2556114E-01	2.66299E-04	9.03314E-06 
2.2583601E-01	2.76569E-04	8.89579E-06 
2.2611089E-01	2.83127E-04	8.83839E-06 
2.2638576E-01	2.88354E-04	8.80042E-06 
2.2666062E-01	2.72181E-04	8.73529E-06 
2.2693551E-01	2.69928E-04	8.70757E-06 
2.2721037E-01	2.92212E-04	8.71693E-06 
2.2748524E-01	2.73021E-04	8.66864E-06 
2.2776011E-01	2.67209E-04	8.62331E-06 
2.2803499E-01	2.73306E-04	8.61585E-06 
2.2830985E-01	2.67955E-04	8.58472E-06 
2.2858472E-01	2.64879E-04	8.56242E-06 
2.288596E-01	2.70356E-04	8.54769E-06 
2.2913447E-01	2.66741E-04	8.51295E-06 
2.2940934E-01	2.55300E-04	8.48021E-06 
2.2968422E-01	2.40791E-04	8.42729E-06 
2.2995909E-01	2.57639E-04	8.44067E-06 
2.3023395E-01	2.64146E-04	8.45076E-06 
2.3050882E-01	2.68493E-04	8.44959E-06 
2.307837E-01	2.60306E-04	8.40994E-06 
2.3105857E-01	2.53506E-04	8.39004E-06 
2.3133343E-01	2.47041E-04	8.35255E-06 
2.3160832E-01	2.57253E-04	8.37535E-06 
2.3188318E-01	2.58331E-04	8.35903E-06 
2.3215805E-01	2.57464E-04	8.35983E-06 
2.3243292E-01	2.65391E-04	8.37843E-06 
2.327078E-01	2.53367E-04	8.35855E-06 
2.3298267E-01	2.44761E-04	8.33473E-06 
2.3325753E-01	2.51358E-04	8.34908E-06 
2.3353241E-01	2.46824E-04	8.34671E-06 
2.3380728E-01	2.32610E-04	8.30477E-06 
2.3408215E-01	2.44487E-04	8.33892E-06 
2.3435701E-01	2.42708E-04	8.33208E-06 
2.346319E-01	2.41891E-04	8.32215E-06 
2.3490676E-01	2.47324E-04	8.32972E-06 
2.3518163E-01	2.36463E-04	8.31463E-06 
2.3545651E-01	2.37978E-04	8.33040E-06 
2.3573138E-01	2.34164E-04	8.33680E-06 
2.3600625E-01	2.38401E-04	8.36224E-06 
2.3628113E-01	2.41704E-04	8.35127E-06 
2.3655599E-01	2.16813E-04	8.30951E-06 
2.3683086E-01	2.13140E-04	8.30161E-06 
2.3710573E-01	2.22271E-04	8.31856E-06 
2.3738061E-01	2.33025E-04	8.35161E-06 
2.3765548E-01	2.27449E-04	8.32498E-06 
2.3793034E-01	2.33433E-04	8.34772E-06 
2.3820522E-01	2.17682E-04	8.31584E-06 
2.3848009E-01	2.21841E-04	8.33239E-06 
2.3875496E-01	2.35635E-04	8.34587E-06 
2.3902982E-01	2.34472E-04	8.34529E-06 
2.3930471E-01	2.34284E-04	8.34521E-06 
2.3957957E-01	2.29684E-04	8.33955E-06 
2.3985444E-01	2.30064E-04	8.33181E-06 
2.4012932E-01	2.23516E-04	8.33774E-06 
2.4040419E-01	2.12714E-04	8.30114E-06 
2.4067906E-01	2.16715E-04	8.31180E-06 
2.4095392E-01	2.14981E-04	8.30404E-06 
2.412288E-01	2.18223E-04	8.31545E-06 
2.4150367E-01	2.09821E-04	8.30151E-06 
2.4177854E-01	2.08412E-04	8.29096E-06 
2.4205342E-01	2.21091E-04	8.30632E-06 
2.4232829E-01	2.05421E-04	8.29237E-06 
2.4260315E-01	2.19349E-04	8.31481E-06 
2.4287803E-01	2.27566E-04	8.31944E-06 
2.431529E-01	2.18304E-04	8.30280E-06 
2.4342777E-01	2.17708E-04	8.32624E-06 
2.4370264E-01	2.09266E-04	8.29136E-06 
2.4397752E-01	2.03083E-04	8.27565E-06 
2.4425238E-01	2.26998E-04	8.33913E-06 
2.4452725E-01	1.98333E-04	8.26947E-06 
2.4480213E-01	2.10620E-04	8.29697E-06 
2.450770E-01	2.07820E-04	8.29292E-06 
2.4535187E-01	2.12230E-04	8.29994E-06 
2.4562673E-01	1.99602E-04	8.27680E-06 
2.4590161E-01	2.05313E-04	8.29303E-06 
2.4617648E-01	2.04018E-04	8.28686E-06 
2.4645135E-01	2.08191E-04	8.29445E-06 
2.4672623E-01	2.10664E-04	8.30470E-06 
2.470011E-01	2.14896E-04	8.29996E-06 
2.4727596E-01	2.14307E-04	8.30078E-06 
2.4755085E-01	2.05405E-04	8.28800E-06 
2.4782571E-01	2.03380E-04	8.27910E-06 
2.4810058E-01	2.07483E-04	8.29771E-06 
2.4837545E-01	2.12392E-04	8.30645E-06 
2.4865033E-01	2.11769E-04	8.30934E-06 
2.4892519E-01	2.07345E-04	8.29623E-06 
2.4920006E-01	1.98549E-04	8.27512E-06 
2.4947494E-01	1.89689E-04	8.26868E-06 
2.4974981E-01	1.92753E-04	8.28312E-06 
2.5002468E-01	1.93011E-04	8.27855E-06 
2.5029954E-01	1.96201E-04	8.27476E-06 
2.5057441E-01	2.04170E-04	8.29122E-06 
2.5084931E-01	1.94520E-04	8.26350E-06 
2.5112417E-01	2.08033E-04	8.30264E-06 
2.5139904E-01	2.05229E-04	8.30165E-06 
2.5167391E-01	2.09553E-04	8.31156E-06 
2.5194877E-01	1.93800E-04	8.27312E-06 
2.5222364E-01	1.98304E-04	8.29420E-06 
2.5249851E-01	1.84450E-04	8.25681E-06 
2.527734E-01	1.91672E-04	8.28077E-06 
2.5304827E-01	1.83253E-04	8.25389E-06 
2.5332314E-01	1.96976E-04	8.28828E-06 
2.535980E-01	2.05549E-04	8.30136E-06 
2.5387287E-01	2.06592E-04	8.28635E-06 
2.5414774E-01	1.96527E-04	8.27545E-06 
2.5442261E-01	1.92475E-04	8.27107E-06 
2.546975E-01	1.89547E-04	8.28797E-06 
2.5497237E-01	1.70406E-04	8.23055E-06 
2.5524724E-01	1.81167E-04	8.26687E-06 
2.555221E-01	1.77380E-04	8.24755E-06 
2.5579697E-01	1.91456E-04	8.27113E-06 
2.5607184E-01	1.87999E-04	8.27791E-06 
2.563467E-01	1.79065E-04	8.26255E-06 
2.566216E-01	1.86165E-04	8.27527E-06 
2.5689647E-01	1.84880E-04	8.26352E-06 
2.5717133E-01	1.88234E-04	8.28941E-06 
2.574462E-01	1.83644E-04	8.26938E-06 
2.5772107E-01	1.80066E-04	8.25975E-06 
2.5799593E-01	1.90524E-04	8.28354E-06 
2.582708E-01	1.87941E-04	8.27156E-06 
2.585457E-01	1.91962E-04	8.28995E-06 
2.5882056E-01	1.78110E-04	8.25352E-06 
2.5909543E-01	1.80541E-04	8.25295E-06 
2.593703E-01	1.87952E-04	8.28531E-06 
2.5964516E-01	1.82443E-04	8.26608E-06 
2.5992003E-01	1.80167E-04	8.27156E-06 
2.601949E-01	1.64991E-04	8.21492E-06 
2.6046979E-01	1.81514E-04	8.24716E-06 
2.6074466E-01	1.55876E-04	8.20242E-06 
2.6101953E-01	1.63251E-04	8.19162E-06 
2.6129439E-01	1.81168E-04	8.22216E-06 
2.6156926E-01	1.78185E-04	8.20581E-06 
2.6184413E-01	1.69469E-04	8.17707E-06 
2.621190E-01	1.71814E-04	8.16973E-06 
2.6239389E-01	1.81084E-04	8.16894E-06 
2.6266876E-01	1.79652E-04	8.16608E-06 
2.6294363E-01	1.72371E-04	8.14852E-06 
2.6321849E-01	1.79586E-04	8.15752E-06 
2.6349336E-01	1.74944E-04	8.15433E-06 
2.6376823E-01	1.76778E-04	8.14839E-06 
2.6404312E-01	1.77963E-04	8.15734E-06 
2.6431799E-01	1.70995E-04	8.13800E-06 
2.6459286E-01	1.71801E-04	8.14554E-06 
2.6486772E-01	1.69614E-04	8.14668E-06 
2.6514259E-01	1.58009E-04	8.12307E-06 
2.6541746E-01	1.70499E-04	8.14164E-06 
2.6569232E-01	1.68360E-04	8.14666E-06 
2.6596722E-01	1.61223E-04	8.13681E-06 
2.6624209E-01	1.57896E-04	8.13148E-06 
2.6651695E-01	1.67413E-04	8.16053E-06 
2.6679182E-01	1.63467E-04	8.14569E-06 
2.6706669E-01	1.75035E-04	8.17088E-06 
2.6734155E-01	1.70587E-04	8.16291E-06 
2.6761642E-01	1.66596E-04	8.14853E-06 
2.6789132E-01	1.51782E-04	8.13131E-06 
2.6816618E-01	1.55390E-04	8.12776E-06 
2.6844105E-01	1.73384E-04	8.16427E-06 
2.6871592E-01	1.62274E-04	8.15184E-06 
2.6899078E-01	1.61856E-04	8.13346E-06 
2.6926565E-01	1.69620E-04	8.15144E-06 
2.6954052E-01	1.70732E-04	8.15733E-06 
2.6981542E-01	1.71474E-04	8.15723E-06 
2.7009028E-01	1.50689E-04	8.10312E-06 
2.7036515E-01	1.47868E-04	8.11002E-06 
2.7064002E-01	1.72871E-04	8.17604E-06 
2.7091488E-01	1.64431E-04	8.13534E-06 
2.7118975E-01	1.65930E-04	8.14740E-06 
2.7146462E-01	1.68917E-04	8.15457E-06 
2.7173951E-01	1.62060E-04	8.13629E-06 
2.7201438E-01	1.72593E-04	8.15388E-06 
2.7228925E-01	1.63556E-04	8.15147E-06 
2.7256411E-01	1.50296E-04	8.12081E-06 
2.7283898E-01	1.50533E-04	8.12613E-06 
2.7311385E-01	1.48488E-04	8.14577E-06 
2.7338871E-01	1.56987E-04	8.13986E-06 
2.7366361E-01	1.57103E-04	8.13644E-06 
2.7393848E-01	1.59097E-04	8.15480E-06 
2.7421334E-01	1.81971E-04	8.17603E-06 
2.7448821E-01	1.53105E-04	8.11574E-06 
2.7476308E-01	1.60850E-04	8.15462E-06 
2.7503794E-01	1.62688E-04	8.15339E-06 
2.7531281E-01	1.69077E-04	8.16104E-06 
2.7558771E-01	1.66885E-04	8.15624E-06 
2.7586257E-01	1.61313E-04	8.14513E-06 
2.7613744E-01	1.44977E-04	8.11472E-06 
2.7641231E-01	1.55026E-04	8.14635E-06 
2.7668718E-01	1.61721E-04	8.15534E-06 
2.7696204E-01	1.51309E-04	8.12975E-06 
2.7723694E-01	1.69557E-04	8.16708E-06 
2.7751181E-01	1.62276E-04	8.15174E-06 
2.7778667E-01	1.63869E-04	8.16282E-06 
2.7806154E-01	1.56910E-04	8.14132E-06 
2.7833641E-01	1.65265E-04	8.15308E-06 
2.7861127E-01	1.66445E-04	8.17200E-06 
2.7888614E-01	1.65987E-04	8.16636E-06 
2.7916104E-01	1.76644E-04	8.31324E-06 
2.794359E-01	1.50811E-04	8.45642E-06 
2.7971077E-01	1.69567E-04	8.56951E-06 
2.7998564E-01	1.70765E-04	8.67777E-06 
2.802605E-01	1.61339E-04	8.74312E-06 
2.8053537E-01	1.53458E-04	8.79062E-06 
2.8081024E-01	1.53852E-04	8.84035E-06 
2.8108513E-01	1.71743E-04	8.93912E-06 
2.813600E-01	1.53731E-04	8.94642E-06 
2.8163487E-01	1.60941E-04	9.02973E-06 
2.8190973E-01	1.51906E-04	9.06521E-06 
2.821846E-01	1.66622E-04	9.12601E-06 
2.8245947E-01	1.57620E-04	9.17079E-06 
2.8273433E-01	1.30015E-04	9.15689E-06 
2.8300923E-01	1.58686E-04	9.27881E-06 
2.832841E-01	1.62196E-04	9.32997E-06 
2.8355896E-01	1.67126E-04	9.37915E-06 
2.8383383E-01	1.51105E-04	9.26512E-06 
2.841087E-01	1.62028E-04	9.08501E-06 
2.8438357E-01	1.47600E-04	8.95890E-06 
2.8465843E-01	1.47566E-04	8.90129E-06 
2.8493333E-01	1.67731E-04	8.88834E-06 
2.852082E-01	1.65869E-04	8.83541E-06 
2.8548306E-01	1.69049E-04	8.81012E-06 
2.8575793E-01	1.74335E-04	8.80425E-06 
2.860328E-01	1.64340E-04	8.74314E-06 
2.8630766E-01	1.71145E-04	8.73110E-06 
2.8658253E-01	1.65211E-04	8.73875E-06 
2.8685743E-01	1.58858E-04	8.67903E-06 
2.8713229E-01	1.60358E-04	8.65774E-06 
2.8740716E-01	1.58683E-04	8.62728E-06 
2.8768203E-01	1.59484E-04	8.60060E-06 
2.8795689E-01	1.68171E-04	8.59470E-06 
2.8823176E-01	1.73604E-04	8.58565E-06 
2.8850663E-01	1.54531E-04	8.56153E-06 
2.8878152E-01	1.54996E-04	8.54729E-06 
2.8905639E-01	1.53275E-04	8.53097E-06 
2.8933126E-01	1.62123E-04	8.56002E-06 
2.8960612E-01	1.66885E-04	8.55192E-06 
2.8988099E-01	1.67493E-04	8.52824E-06 
2.9015586E-01	1.78013E-04	8.55007E-06 
2.9043075E-01	1.58948E-04	8.50279E-06 
2.9070562E-01	1.51955E-04	8.49709E-06 
2.9098049E-01	1.60545E-04	8.50338E-06 
2.9125535E-01	1.69336E-04	8.51465E-06 
2.9153022E-01	1.52376E-04	8.48792E-06 
2.9180509E-01	1.55415E-04	8.51040E-06 
2.9207996E-01	1.58631E-04	8.51289E-06 
2.9235485E-01	1.70485E-04	8.55835E-06 
2.9262972E-01	1.54134E-04	8.50910E-06 
2.9290459E-01	1.62434E-04	8.51555E-06 
2.9317945E-01	1.58883E-04	8.50693E-06 
2.9345432E-01	1.68657E-04	8.52409E-06 
2.9372919E-01	1.62652E-04	8.49354E-06 
2.9400405E-01	1.47433E-04	8.47022E-06 
2.9427895E-01	1.68915E-04	8.53767E-06 
2.9455382E-01	1.66075E-04	8.50460E-06 
2.9482868E-01	1.42893E-04	8.45516E-06 
2.9510355E-01	1.41524E-04	8.44702E-06 
2.9537842E-01	1.45684E-04	8.46487E-06 
2.9565328E-01	1.46103E-04	8.48362E-06 
2.9592815E-01	1.66041E-04	8.51676E-06 
2.9620305E-01	1.58491E-04	8.48429E-06 
2.9647791E-01	1.62167E-04	8.48253E-06 
2.9675278E-01	1.52982E-04	8.45306E-06 
2.9702765E-01	1.56996E-04	8.45487E-06 
2.9730251E-01	1.61180E-04	8.45015E-06 
2.9757738E-01	1.81092E-04	8.49568E-06 
2.9785225E-01	1.73556E-04	8.47066E-06 
2.9812714E-01	1.64763E-04	8.45421E-06 
2.9840201E-01	1.60271E-04	8.44316E-06 
2.9867688E-01	1.63999E-04	8.44501E-06 
2.9895175E-01	1.54276E-04	8.43140E-06 
2.9922661E-01	1.43971E-04	8.40023E-06 
2.9950148E-01	1.66447E-04	8.43527E-06 
2.9977635E-01	1.62665E-04	8.41819E-06 
3.0005124E-01	1.60182E-04	8.40585E-06 
3.0032611E-01	1.59228E-04	8.40081E-06 
3.0060098E-01	1.54165E-04	8.37105E-06 
3.0087584E-01	1.75632E-04	8.40219E-06 
3.0115071E-01	1.62602E-04	8.35877E-06 
3.0142558E-01	1.51806E-04	8.34413E-06 
3.0170044E-01	1.61796E-04	8.34141E-06 
3.0197534E-01	1.61506E-04	8.31425E-06 
3.0225021E-01	1.60505E-04	8.30423E-06 
3.0252507E-01	1.58316E-04	8.28114E-06 
3.0279994E-01	1.66350E-04	8.28878E-06 
3.0307481E-01	1.63271E-04	8.26465E-06 
3.0334967E-01	1.57191E-04	8.25918E-06 
3.0362457E-01	1.55549E-04	8.25450E-06 
3.0389944E-01	1.64066E-04	8.27700E-06 
3.041743E-01	1.60218E-04	8.26745E-06 
3.0444917E-01	1.51177E-04	8.23759E-06 
3.0472404E-01	1.53894E-04	8.24815E-06 
3.049989E-01	1.57280E-04	8.26083E-06 
3.0527377E-01	1.63325E-04	8.26630E-06 
3.0554867E-01	1.63529E-04	8.25132E-06 
3.0582353E-01	1.67688E-04	8.27291E-06 
3.060984E-01	1.60290E-04	8.25212E-06 
3.0637327E-01	1.73274E-04	8.27887E-06 
3.0664814E-01	1.65717E-04	8.25714E-06 
3.069230E-01	1.54380E-04	8.22484E-06 
3.0719787E-01	1.70631E-04	8.25787E-06 
3.0747277E-01	1.62354E-04	8.24621E-06 
3.0774763E-01	1.57439E-04	8.23941E-06 
3.080225E-01	1.55382E-04	8.24007E-06 
3.0829737E-01	1.52240E-04	8.21842E-06 
3.0857223E-01	1.68896E-04	8.25541E-06 
3.088471E-01	1.62504E-04	8.24508E-06 
3.0912197E-01	1.70153E-04	8.25670E-06 
3.0939686E-01	1.70205E-04	8.24467E-06 
3.0967173E-01	1.68964E-04	8.24448E-06 
3.099466E-01	1.58259E-04	8.21308E-06 
3.1022146E-01	1.65668E-04	8.25370E-06 
3.1049633E-01	1.59016E-04	8.21573E-06 
3.107712E-01	1.58304E-04	8.23742E-06 
3.1104606E-01	1.66912E-04	8.24603E-06 
3.1132096E-01	1.61896E-04	8.23695E-06 
3.1159583E-01	1.65591E-04	8.23889E-06 
3.1187069E-01	1.64755E-04	8.23538E-06 
3.1214556E-01	1.61172E-04	8.22364E-06 
3.1242043E-01	1.62069E-04	8.23650E-06 
3.1269529E-01	1.60209E-04	8.21757E-06 
3.1297016E-01	1.65616E-04	8.24747E-06 
3.1324506E-01	1.74960E-04	8.25141E-06 
3.1351992E-01	1.69554E-04	8.24343E-06 
3.1379479E-01	1.56824E-04	8.22753E-06 
3.1406966E-01	1.62981E-04	8.23876E-06 
3.1434453E-01	1.65964E-04	8.24384E-06 
3.1461939E-01	1.61486E-04	8.24711E-06 
3.1489429E-01	1.53495E-04	8.24301E-06 
3.1516916E-01	1.69372E-04	8.27945E-06 
3.1544402E-01	1.62419E-04	8.25137E-06 
3.1571889E-01	1.60146E-04	8.24704E-06 
3.1599376E-01	1.63048E-04	8.23723E-06 
3.1626862E-01	1.65279E-04	8.24387E-06 
3.1654349E-01	1.71693E-04	8.25648E-06 
3.1681839E-01	1.61544E-04	8.23547E-06 
3.1709325E-01	1.63352E-04	8.23989E-06 
3.1736812E-01	1.58381E-04	8.22122E-06 
3.1764299E-01	1.59646E-04	8.22556E-06 
3.1791785E-01	1.45003E-04	8.19940E-06 
3.1819272E-01	1.73147E-04	8.25439E-06 
3.1846759E-01	1.62188E-04	8.22408E-06 
3.1874248E-01	1.54570E-04	8.22328E-06 
3.1901735E-01	1.68472E-04	8.23403E-06 
3.1929222E-01	1.65116E-04	8.22552E-06 
3.1956708E-01	1.68585E-04	8.24693E-06 
3.1984195E-01	1.59180E-04	8.21450E-06 
3.2011682E-01	1.69220E-04	8.22536E-06 
3.2039168E-01	1.70546E-04	8.23103E-06 
3.2066658E-01	1.74579E-04	8.23936E-06 
3.2094145E-01	1.79428E-04	8.25498E-06 
3.2121632E-01	1.74885E-04	8.24445E-06 
3.2149118E-01	1.63004E-04	8.22758E-06 
3.2176605E-01	1.48938E-04	8.20006E-06 
3.2204092E-01	1.69006E-04	8.23276E-06 
3.2231578E-01	1.59056E-04	8.20394E-06 
3.2259068E-01	1.73956E-04	8.23240E-06 
3.2286555E-01	1.54927E-04	8.19345E-06 
3.2314041E-01	1.70281E-04	8.23406E-06 
3.2341528E-01	1.61475E-04	8.21054E-06 
3.2369015E-01	1.52653E-04	8.18521E-06 
3.2396501E-01	1.59893E-04	8.20288E-06 
3.2423988E-01	1.57296E-04	8.19962E-06 
3.2451478E-01	1.66578E-04	8.23204E-06 
3.2478964E-01	1.65856E-04	8.22630E-06 
3.2506451E-01	1.64805E-04	8.20769E-06 
3.2533938E-01	1.67479E-04	8.21624E-06 
3.2561424E-01	1.61073E-04	8.21131E-06 
3.2588911E-01	1.65052E-04	8.21332E-06 
3.2616398E-01	1.53622E-04	8.19673E-06 
3.2643887E-01	1.64055E-04	8.21788E-06 
3.2671374E-01	1.80211E-04	8.24013E-06 
3.2698861E-01	1.58831E-04	8.19731E-06 
3.2726347E-01	1.52863E-04	8.19459E-06 
3.2753834E-01	1.62540E-04	8.21927E-06 
3.2781321E-01	1.57458E-04	8.20346E-06 
3.280881E-01	1.64128E-04	8.22326E-06 
3.2836297E-01	1.55760E-04	8.20316E-06 
3.2863784E-01	1.53781E-04	8.20278E-06 
3.2891271E-01	1.79347E-04	8.24690E-06 
3.2918757E-01	1.78559E-04	8.23625E-06 
3.2946244E-01	1.75941E-04	8.23942E-06 
3.2973731E-01	1.60656E-04	8.20259E-06 
3.300122E-01	1.62835E-04	8.21510E-06 
3.3028707E-01	1.58657E-04	8.19705E-06 
3.3056194E-01	1.58495E-04	8.21171E-06 
3.308368E-01	1.53776E-04	8.19488E-06 
3.3111167E-01	1.55583E-04	8.19677E-06 
3.3138654E-01	1.54497E-04	8.20231E-06 
3.316614E-01	1.67298E-04	8.21522E-06 
3.319363E-01	1.74988E-04	8.23018E-06 
3.3221117E-01	1.59663E-04	8.18686E-06 
3.3248603E-01	1.53413E-04	8.18686E-06 
3.327609E-01	1.51677E-04	8.18101E-06 
3.3303577E-01	1.72908E-04	8.21861E-06 
3.3331063E-01	1.56551E-04	8.18264E-06 
3.335855E-01	1.39720E-04	8.17402E-06 
3.338604E-01	1.37002E-04	8.16928E-06 
3.3413526E-01	1.34408E-04	8.16427E-06 
3.3441013E-01	1.53000E-04	8.20019E-06 
3.346850E-01	1.65232E-04	8.21163E-06 
3.3495986E-01	1.57241E-04	8.18402E-06 
3.3523473E-01	1.60786E-04	8.20214E-06 
3.355096E-01	1.54470E-04	8.19479E-06 
3.3578449E-01	1.60653E-04	8.21862E-06 
3.3605936E-01	1.69209E-04	8.22845E-06 
3.3633423E-01	1.60339E-04	8.20174E-06 
3.366091E-01	1.44214E-04	8.16305E-06 
3.3688396E-01	1.62145E-04	8.21066E-06 
3.3715883E-01	1.59589E-04	8.21584E-06 
3.374337E-01	1.55612E-04	8.33067E-06 
3.3770859E-01	1.60173E-04	8.56546E-06 
3.3798346E-01	1.61788E-04	8.67647E-06 
3.3825833E-01	1.59600E-04	8.75521E-06 
3.3853319E-01	1.56530E-04	8.85295E-06 
3.3880806E-01	1.44055E-04	8.90511E-06 
3.3908293E-01	1.61779E-04	9.02199E-06 
3.3935779E-01	1.55580E-04	9.07863E-06 
3.3963269E-01	1.51750E-04	9.11679E-06 
3.3990756E-01	1.50758E-04	9.20405E-06 
3.4018242E-01	1.47348E-04	9.27000E-06 
3.4045729E-01	1.39693E-04	9.30073E-06 
3.4073216E-01	1.43005E-04	9.36949E-06 
3.4100702E-01	1.60220E-04	9.47403E-06 
3.4128192E-01	1.50381E-04	9.49883E-06 
3.4155679E-01	1.57250E-04	9.57793E-06 
3.4183165E-01	1.39029E-04	9.58753E-06 
3.4210652E-01	1.43905E-04	9.45827E-06 
3.4238139E-01	1.53980E-04	9.27012E-06 
3.4265625E-01	1.40226E-04	9.12583E-06 
3.4293112E-01	1.47323E-04	9.04297E-06 
3.4320602E-01	1.65719E-04	9.03932E-06 
3.4348089E-01	1.59636E-04	8.97621E-06 
3.4375575E-01	1.45292E-04	8.90337E-06 
3.4403062E-01	1.43421E-04	8.83814E-06 
3.4430549E-01	1.59686E-04	8.82649E-06 
3.4458035E-01	1.53901E-04	8.78187E-06 
3.4485522E-01	1.32618E-04	8.71144E-06 
3.4513012E-01	1.50319E-04	8.72349E-06 
3.4540498E-01	1.59313E-04	8.71538E-06 
3.4567985E-01	1.53997E-04	8.67772E-06 
3.4595472E-01	1.53975E-04	8.63342E-06 
3.4622958E-01	1.51042E-04	8.59711E-06 
3.4650445E-01	1.68730E-04	8.61062E-06 
3.4677932E-01	1.59920E-04	8.57255E-06 
3.4705421E-01	1.51032E-04	8.52479E-06 
3.4732908E-01	1.54735E-04	8.51044E-06 
3.4760395E-01	1.61412E-04	8.50145E-06 
3.4787881E-01	1.59753E-04	8.49162E-06 
3.4815368E-01	1.47365E-04	8.43727E-06 
3.4842855E-01	1.56409E-04	8.44807E-06 
3.4870341E-01	1.54954E-04	8.42789E-06 
3.4897831E-01	1.54770E-04	8.45513E-06 
3.4925318E-01	1.43744E-04	8.43454E-06 
3.4952804E-01	1.40850E-04	8.41328E-06 
3.4980291E-01	1.36415E-04	8.39480E-06 
3.5007778E-01	1.49094E-04	8.41586E-06 
3.5035264E-01	1.50593E-04	8.41993E-06 
3.5062751E-01	1.40586E-04	8.39705E-06 
3.5090241E-01	1.35306E-04	8.37776E-06 
3.5117728E-01	1.54840E-04	8.43047E-06 
3.5145214E-01	1.34097E-04	8.39629E-06 
3.5172701E-01	1.27621E-04	8.38361E-06 
3.5200188E-01	1.44805E-04	8.39393E-06 
3.5227674E-01	1.42716E-04	8.37913E-06 
3.5255161E-01	1.39346E-04	8.37541E-06 
3.5282651E-01	1.35766E-04	8.36561E-06 
3.5310137E-01	1.30817E-04	8.35998E-06 
3.5337624E-01	1.45144E-04	8.38333E-06 
3.5365111E-01	1.46786E-04	8.39459E-06 
3.5392597E-01	1.26299E-04	8.32024E-06 
3.5420084E-01	1.45609E-04	8.36506E-06 
3.5447574E-01	1.48216E-04	8.34452E-06 
3.547506E-01	1.44039E-04	8.33391E-06 
3.5502547E-01	1.37456E-04	8.34175E-06 
3.5530034E-01	1.25287E-04	8.31279E-06 
3.555752E-01	1.31780E-04	8.31084E-06 
3.5585007E-01	1.49432E-04	8.35503E-06 
3.5612494E-01	1.29942E-04	8.31414E-06 
3.5639983E-01	1.53416E-04	8.36773E-06 
3.566747E-01	1.42238E-04	8.30896E-06 
3.5694957E-01	1.35737E-04	8.29245E-06 
3.5722443E-01	1.34154E-04	8.31012E-06 
3.574993E-01	1.37379E-04	8.31713E-06 
3.5777417E-01	1.35801E-04	8.30846E-06 
3.5804904E-01	1.36810E-04	8.30399E-06 
3.5832393E-01	1.43031E-04	8.30046E-06 
3.585988E-01	1.40194E-04	8.30759E-06 
3.5887367E-01	1.33906E-04	8.28973E-06 
3.5914853E-01	1.47823E-04	8.31046E-06 
3.594234E-01	1.43833E-04	8.29695E-06 
3.5969827E-01	1.45520E-04	8.29112E-06 
3.5997313E-01	1.46610E-04	8.30172E-06 
3.6024803E-01	1.48598E-04	8.29991E-06 
3.605229E-01	1.42409E-04	8.27361E-06 
3.6079776E-01	1.41218E-04	8.28685E-06 
3.6107263E-01	1.44277E-04	8.29423E-06 
3.613475E-01	1.43998E-04	8.29115E-06 
3.6162236E-01	1.37126E-04	8.28126E-06 
3.6189723E-01	1.34271E-04	8.28301E-06 
3.6217213E-01	1.17454E-04	8.24958E-06 
3.6244699E-01	1.39208E-04	8.30976E-06 
3.6272186E-01	1.51214E-04	8.32422E-06 
3.6299673E-01	1.49744E-04	8.33868E-06 
3.6327159E-01	1.38891E-04	8.32617E-06 
3.6354646E-01	1.27720E-04	8.30516E-06 
3.6382133E-01	1.50863E-04	8.35603E-06 
3.6409622E-01	1.31691E-04	8.32284E-06 
3.6437109E-01	1.39026E-04	8.36617E-06 
3.6464596E-01	1.36235E-04	8.36418E-06 
3.6492082E-01	1.29226E-04	8.35698E-06 
3.6519569E-01	1.25441E-04	8.36402E-06 
3.6547056E-01	1.30940E-04	8.37974E-06 
3.6574543E-01	1.44328E-04	8.42591E-06 
3.6602032E-01	1.30071E-04	8.41150E-06 
3.6629519E-01	1.44078E-04	8.43837E-06 
3.6657006E-01	1.38519E-04	8.43378E-06 
3.6684492E-01	1.34663E-04	8.44698E-06 
3.6711979E-01	1.34495E-04	8.44272E-06 
3.6739466E-01	1.58375E-04	8.51818E-06 
3.6766955E-01	1.32709E-04	8.46773E-06 
3.6794442E-01	1.36760E-04	8.48946E-06 
3.6821929E-01	1.34979E-04	8.48243E-06 
3.6849415E-01	1.35839E-04	8.49705E-06 
3.6876902E-01	1.27315E-04	8.49101E-06 
3.6904389E-01	1.38089E-04	8.54031E-06 
3.6931875E-01	1.41869E-04	8.55461E-06 
3.6959365E-01	1.36538E-04	8.54536E-06 
3.6986852E-01	1.42582E-04	8.58644E-06 
3.7014338E-01	1.33311E-04	8.57557E-06 
3.7041825E-01	1.38136E-04	8.60578E-06 
3.7069312E-01	1.23606E-04	8.58333E-06 
3.7096798E-01	1.25150E-04	8.60263E-06 
3.7124285E-01	1.37881E-04	8.63789E-06 
3.7151775E-01	1.52179E-04	8.68319E-06 
3.7179261E-01	1.26552E-04	8.62586E-06 
3.7206748E-01	1.42331E-04	8.67915E-06 
3.7234235E-01	1.42311E-04	8.70161E-06 
3.7261721E-01	1.34028E-04	8.67371E-06 
3.7289208E-01	1.51629E-04	8.73250E-06 
3.7316695E-01	1.28460E-04	8.69749E-06 
3.7344185E-01	1.20239E-04	8.71352E-06 
3.7371671E-01	1.32635E-04	8.73822E-06 
3.7399158E-01	1.45958E-04	8.77786E-06 
3.7426645E-01	1.27435E-04	8.74228E-06 
3.7454131E-01	1.31483E-04	8.76956E-06 
3.7481618E-01	1.41400E-04	8.80665E-06 
3.7509105E-01	1.34850E-04	8.80948E-06 
3.7536594E-01	1.40856E-04	8.84106E-06 
3.7564081E-01	1.39480E-04	8.83998E-06 
3.7591568E-01	1.43193E-04	8.86217E-06 
3.7619054E-01	1.24205E-04	8.84781E-06 
3.7646541E-01	1.20078E-04	8.85946E-06 
3.7674028E-01	1.16518E-04	8.86343E-06 
3.7701514E-01	1.27183E-04	8.90818E-06 
3.7729004E-01	1.20451E-04	8.89632E-06 
3.7756491E-01	1.18053E-04	8.90972E-06 
3.7783977E-01	1.39898E-04	8.98564E-06 
3.7811464E-01	1.27669E-04	8.96687E-06 
3.7838951E-01	1.33044E-04	9.01077E-06 
3.7866437E-01	1.29360E-04	8.99448E-06 
3.7893927E-01	1.31079E-04	8.98574E-06 
3.7921414E-01	1.36774E-04	8.98589E-06 
3.794890E-01	1.43443E-04	8.98064E-06 
3.7976387E-01	1.42055E-04	8.94788E-06 
3.8003874E-01	1.52442E-04	8.96077E-06 
3.8031361E-01	1.47836E-04	8.92714E-06 
3.8058847E-01	1.45881E-04	8.90560E-06 
3.8086337E-01	1.23115E-04	8.86790E-06 
3.8113824E-01	1.24345E-04	8.86971E-06 
3.814131E-01	1.30107E-04	8.91280E-06 
3.8168797E-01	1.40132E-04	8.94960E-06 
3.8196284E-01	1.34963E-04	8.95313E-06 
3.822377E-01	1.31172E-04	8.96740E-06 
3.8251257E-01	1.37489E-04	9.00661E-06 
3.8278747E-01	1.29728E-04	9.00679E-06 
3.8306233E-01	1.25177E-04	9.01622E-06 
3.833372E-01	1.29152E-04	9.06462E-06 
3.8361207E-01	1.24590E-04	9.06420E-06 
3.8388693E-01	1.34335E-04	9.10955E-06 
3.841618E-01	1.26826E-04	9.11208E-06 
3.8443667E-01	1.21728E-04	9.10975E-06 
3.8471156E-01	1.44780E-04	9.20932E-06 
3.8498643E-01	1.32484E-04	9.18975E-06 
3.852613E-01	1.42103E-04	9.23721E-06 
3.8553616E-01	1.31997E-04	9.22044E-06 
3.8581103E-01	1.42111E-04	9.27240E-06 
3.860859E-01	1.42702E-04	9.31458E-06 
3.8636076E-01	1.35549E-04	9.31914E-06 
3.8663566E-01	1.47840E-04	9.37252E-06 
3.8691053E-01	1.35504E-04	9.37224E-06 
3.8718539E-01	1.34583E-04	9.37961E-06 
3.8746026E-01	1.24620E-04	9.39260E-06 
3.8773513E-01	1.17958E-04	9.40637E-06 
3.880100E-01	1.34419E-04	9.46719E-06 
3.8828486E-01	1.15324E-04	9.45666E-06 
3.8855976E-01	1.28258E-04	9.50083E-06 
3.8883463E-01	1.38065E-04	9.55520E-06 
3.8910949E-01	1.25633E-04	9.56003E-06 
3.8938436E-01	1.24641E-04	9.59661E-06 
3.8965923E-01	1.32008E-04	9.64865E-06 
3.8993409E-01	1.27843E-04	9.64895E-06 
3.9020896E-01	1.42414E-04	9.72326E-06 
3.9048386E-01	1.44333E-04	9.74969E-06 
3.9075872E-01	1.38273E-04	9.77905E-06 
3.9103359E-01	1.39252E-04	9.81936E-06 
3.9130846E-01	1.30464E-04	9.82992E-06 
3.9158332E-01	1.23647E-04	9.85507E-06 
3.9185819E-01	1.16749E-04	9.86995E-06 
3.9213309E-01	1.14845E-04	9.87564E-06 
3.9240795E-01	1.24105E-04	9.94087E-06 
3.9268282E-01	1.41645E-04	1.00215E-05 
3.9295769E-01	1.32035E-04	1.00348E-05 
3.9323255E-01	1.25058E-04	1.00895E-05 
3.9350742E-01	1.29491E-04	1.01254E-05 
3.9378229E-01	1.30129E-04	1.01561E-05 
3.9405718E-01	1.20486E-04	1.01919E-05 
3.9433205E-01	1.16914E-04	1.02244E-05 
3.9460692E-01	1.32681E-04	1.02888E-05 
3.9488178E-01	1.16699E-04	1.02980E-05 
3.9515665E-01	1.22303E-04	1.03716E-05 
3.9543152E-01	1.48912E-04	1.05133E-05 
3.9570639E-01	1.64576E-04	1.09463E-05 
3.9598128E-01	1.38380E-04	1.14507E-05 
3.9625615E-01	1.50507E-04	1.18908E-05 
3.9653102E-01	1.37688E-04	1.22091E-05 
3.9680588E-01	1.22322E-04	1.25029E-05 
3.9708075E-01	1.30067E-04	1.29243E-05 
3.9735562E-01	1.03182E-04	1.31844E-05 
3.9763048E-01	1.16950E-04	1.36086E-05 
3.9790538E-01	1.17576E-04	1.40100E-05 
3.9818025E-01	1.33866E-04	1.44783E-05 
3.9845511E-01	1.34847E-04	1.48613E-05 
3.9872998E-01	1.15317E-04	1.52970E-05 
3.9900485E-01	9.38227E-05	1.57266E-05 
3.9927971E-01	1.34418E-04	1.64533E-05 
3.9955458E-01	1.58075E-04	1.70916E-05 
3.9982948E-01	1.42370E-04	1.76189E-05 
4.0010434E-01	1.46769E-04	1.84385E-05 
4.0037921E-01	1.50737E-04	1.77180E-05 
4.0065408E-01	1.35034E-04	1.63757E-05 
4.0092894E-01	1.73418E-04	1.61857E-05 
4.0120381E-01	1.72430E-04	1.59161E-05 
4.0147868E-01	1.69273E-04	1.56447E-05 
4.0175357E-01	1.32411E-04	1.53734E-05 
4.0202844E-01	1.40009E-04	1.54115E-05 
4.0230331E-01	1.44650E-04	1.54644E-05 
4.0257818E-01	1.32730E-04	1.54399E-05 
4.0285304E-01	1.48447E-04	1.56331E-05 
4.0312791E-01	1.23322E-04	1.56663E-05 
4.0340278E-01	1.31486E-04	1.58651E-05 
4.0367767E-01	1.44833E-04	1.59126E-05 
4.0395254E-01	1.22175E-04	1.55254E-05 
4.0422741E-01	1.31085E-04	1.52949E-05 
4.0450227E-01	1.67522E-04	1.52176E-05 
4.0477714E-01	1.47105E-04	1.48721E-05 
4.0505201E-01	1.27132E-04	1.45599E-05 
4.053269E-01	1.64561E-04	1.45030E-05 
4.0560177E-01	1.62619E-04	1.44207E-05 
4.0587664E-01	1.39054E-04	1.45304E-05 
4.061515E-01	1.16227E-04	1.47579E-05 
4.0642637E-01	1.60701E-04	1.52337E-05 
4.0670124E-01	1.35577E-04	1.55358E-05 
4.069761E-01	1.29910E-04	1.59757E-05 
4.072510E-01	1.18377E-04	1.63474E-05 
4.0752587E-01	1.27818E-04	1.69661E-05 
