REMARK 265 
REMARK 265 EXPERIMENT TYPE : X-RAY SOLUTION SCATTERING
REMARK 265 DATA ACQUISITION
REMARK 265              RADIATION SOURCE : BENDING MAGNET 
REMARK 265             SYNCHROTRON (Y/N) : Y 
REMARK 265                      BEAMLINE : B21 DIAMOND LIGHT SOURCE 
REMARK 265
REMARK 265       DATA REDUCTION SOFTWARE : SCATTER (v3.0a)
REMARK 265               SOFTWARE AUTHOR : RP RAMBO
REMARK 265        DATA ANALYSIS SOFTWARE : SCATTER (v3.0a)
REMARK 265               SOFTWARE AUTHOR : RP RAMBO
REMARK 265
REMARK 265 EXPERIMENTAL INFO
REMARK 265  INFORMATION CAN BE ADDED BY DUPLICATING THE NOTE LINE BELOW
REMARK 265
REMARK 265  NOTE :  
REMARK 265
REMARK 265 EXPERIMENTAL DETAILS
REMARK 265 BUFFER COMPOSITION 
REMARK 265          TEMPERATURE (KELVIN) : 298
REMARK 265                            PH : X.X
REMARK 265                 SAMPLE BUFFER : XXX mM HEPES
REMARK 265                 SAMPLE BUFFER : XXX mM KCl
REMARK 265                 SAMPLE BUFFER : X mM TCEP
REMARK 265                 SAMPLE BUFFER : X mM KNitrate
REMARK 265
REMARK 265    COLUMNS : q, I(q), error
REMARK 265          q : defined in inverse Angstroms
4.0149828E-03	1.57287E-02	5.22134E-04 
4.2898539E-03	1.56046E-02	4.30325E-04 
4.5647249E-03	1.52086E-02	3.56803E-04 
4.8395963E-03	1.53362E-02	3.04072E-04 
5.1144673E-03	1.51141E-02	2.64814E-04 
5.3893384E-03	1.52643E-02	2.34679E-04 
5.6642098E-03	1.57706E-02	2.09623E-04 
5.9390808E-03	1.51910E-02	1.85904E-04 
6.2139519E-03	1.53731E-02	1.68896E-04 
6.4888233E-03	1.53796E-02	1.57907E-04 
6.7636943E-03	1.51137E-02	1.46461E-04 
7.0385658E-03	1.50406E-02	1.36811E-04 
7.3134368E-03	1.48884E-02	1.29096E-04 
7.5883078E-03	1.48891E-02	1.21919E-04 
7.8631788E-03	1.50030E-02	1.16809E-04 
8.1380503E-03	1.46846E-02	1.10469E-04 
8.4129218E-03	1.46204E-02	1.06120E-04 
8.6877923E-03	1.47836E-02	1.02023E-04 
8.9626638E-03	1.47349E-02	9.84630E-05 
9.2375353E-03	1.48016E-02	9.57560E-05 
9.5124058E-03	1.47558E-02	9.24664E-05 
9.7872773E-03	1.46161E-02	9.00901E-05 
1.0062149E-02	1.47355E-02	8.76867E-05 
1.0337019E-02	1.47681E-02	8.54808E-05 
1.0611891E-02	1.46131E-02	8.32449E-05 
1.0886762E-02	1.44156E-02	8.12971E-05 
1.1161633E-02	1.45766E-02	8.02526E-05 
1.1436504E-02	1.46345E-02	7.87446E-05 
1.1711376E-02	1.45965E-02	7.74895E-05 
1.1986246E-02	1.45083E-02	7.62794E-05 
1.2261118E-02	1.44847E-02	7.51639E-05 
1.2535989E-02	1.44165E-02	7.40021E-05 
1.281086E-02	1.44075E-02	7.28384E-05 
1.3085731E-02	1.43647E-02	7.20182E-05 
1.3360603E-02	1.42414E-02	7.04509E-05 
1.3635473E-02	1.43178E-02	6.97270E-05 
1.3910345E-02	1.41508E-02	6.88208E-05 
1.4185216E-02	1.40472E-02	6.77379E-05 
1.4460087E-02	1.42287E-02	6.73093E-05 
1.4734958E-02	1.40448E-02	6.61790E-05 
1.500983E-02	1.40301E-02	6.55064E-05 
1.528470E-02	1.39030E-02	6.45844E-05 
1.5559572E-02	1.38659E-02	6.39044E-05 
1.5834443E-02	1.38890E-02	6.33616E-05 
1.6109314E-02	1.37773E-02	6.25593E-05 
1.6384186E-02	1.37548E-02	6.19677E-05 
1.6659057E-02	1.37585E-02	6.12677E-05 
1.6933927E-02	1.37111E-02	6.06839E-05 
1.720880E-02	1.35300E-02	6.00005E-05 
1.748367E-02	1.35584E-02	5.95896E-05 
1.7758541E-02	1.35243E-02	5.90055E-05 
1.8033413E-02	1.34303E-02	5.84081E-05 
1.8308284E-02	1.32800E-02	5.76611E-05 
1.8583154E-02	1.33140E-02	5.72779E-05 
1.8858027E-02	1.33247E-02	5.67297E-05 
1.9132897E-02	1.32863E-02	5.62124E-05 
1.9407768E-02	1.31937E-02	5.55327E-05 
1.968264E-02	1.32170E-02	5.51313E-05 
1.9957511E-02	1.30736E-02	5.46080E-05 
2.0232381E-02	1.30690E-02	5.41398E-05 
2.0507254E-02	1.28677E-02	5.35354E-05 
2.0782124E-02	1.28628E-02	5.30877E-05 
2.1056995E-02	1.28034E-02	5.26601E-05 
2.1331867E-02	1.27083E-02	5.21119E-05 
2.1606738E-02	1.26851E-02	5.16876E-05 
2.1881608E-02	1.27032E-02	5.13699E-05 
2.2156481E-02	1.26160E-02	5.07687E-05 
2.2431351E-02	1.25967E-02	5.05970E-05 
2.2706222E-02	1.25254E-02	5.00935E-05 
2.2981094E-02	1.23243E-02	4.94861E-05 
2.3255965E-02	1.22095E-02	4.90726E-05 
2.3530835E-02	1.23186E-02	4.89111E-05 
2.3805708E-02	1.23158E-02	4.86663E-05 
2.4080578E-02	1.21332E-02	4.80835E-05 
2.4355449E-02	1.21447E-02	4.78483E-05 
2.4630321E-02	1.20708E-02	4.74690E-05 
2.4905192E-02	1.19534E-02	4.70059E-05 
2.5180062E-02	1.19117E-02	4.67238E-05 
2.5454935E-02	1.18713E-02	4.63647E-05 
2.5729805E-02	1.17452E-02	4.59744E-05 
2.6004676E-02	1.17397E-02	4.56602E-05 
2.6279548E-02	1.17119E-02	4.52754E-05 
2.6554419E-02	1.16371E-02	4.49595E-05 
2.6829289E-02	1.15271E-02	4.45402E-05 
2.7104162E-02	1.14648E-02	4.43198E-05 
2.7379032E-02	1.13486E-02	4.38865E-05 
2.7653903E-02	1.12458E-02	4.35096E-05 
2.7928775E-02	1.12193E-02	4.32330E-05 
2.8203646E-02	1.11937E-02	4.29516E-05 
2.8478516E-02	1.11972E-02	4.27956E-05 
2.8753389E-02	1.11123E-02	4.23981E-05 
2.9028259E-02	1.10226E-02	4.20627E-05 
2.930313E-02	1.10069E-02	4.18352E-05 
2.9578002E-02	1.09677E-02	4.15882E-05 
2.9852873E-02	1.08844E-02	4.13051E-05 
3.0127743E-02	1.07252E-02	4.08254E-05 
3.0402616E-02	1.07433E-02	4.07456E-05 
3.0677486E-02	1.07182E-02	4.04221E-05 
3.0952357E-02	1.06123E-02	4.01142E-05 
3.1227229E-02	1.05420E-02	3.98519E-05 
3.1502098E-02	1.04808E-02	3.95752E-05 
3.1776972E-02	1.04011E-02	3.92750E-05 
3.2051843E-02	1.03109E-02	3.89633E-05 
3.2326713E-02	1.02693E-02	3.87726E-05 
3.2601584E-02	1.01142E-02	3.83892E-05 
3.2876454E-02	1.01023E-02	3.82000E-05 
3.3151325E-02	1.00964E-02	3.80038E-05 
3.3426199E-02	1.00386E-02	3.76981E-05 
3.370107E-02	9.95684E-03	3.74510E-05 
3.397594E-02	9.87914E-03	3.71827E-05 
3.4250811E-02	9.81805E-03	3.69118E-05 
3.4525681E-02	9.79766E-03	3.67096E-05 
3.4800552E-02	9.70671E-03	3.63534E-05 
3.5075426E-02	9.71313E-03	3.62384E-05 
3.5350297E-02	9.59224E-03	3.58550E-05 
3.5625167E-02	9.56055E-03	3.57110E-05 
3.5900038E-02	9.49884E-03	3.54349E-05 
3.6174908E-02	9.48150E-03	3.52213E-05 
3.6449779E-02	9.40152E-03	3.49759E-05 
3.6724653E-02	9.33351E-03	3.47229E-05 
3.6999524E-02	9.23277E-03	3.44411E-05 
3.7274394E-02	9.18315E-03	3.42101E-05 
3.7549265E-02	9.10313E-03	3.39855E-05 
3.7824135E-02	9.02606E-03	3.36942E-05 
3.8099006E-02	8.98342E-03	3.35059E-05 
3.837388E-02	8.87290E-03	3.31964E-05 
3.8648751E-02	8.92871E-03	3.30759E-05 
3.8923621E-02	8.84547E-03	3.28191E-05 
3.9198492E-02	8.76041E-03	3.25957E-05 
3.9473362E-02	8.65571E-03	3.23024E-05 
3.9748233E-02	8.61634E-03	3.21002E-05 
4.0023107E-02	8.58268E-03	3.18684E-05 
4.0297978E-02	8.50289E-03	3.16472E-05 
4.0572848E-02	8.38387E-03	3.13504E-05 
4.0847719E-02	8.31002E-03	3.11237E-05 
4.1122589E-02	8.28146E-03	3.09616E-05 
4.139746E-02	8.19151E-03	3.06414E-05 
4.1672334E-02	8.23212E-03	3.05932E-05 
4.1947205E-02	8.16056E-03	3.03059E-05 
4.2222075E-02	8.10922E-03	3.01599E-05 
4.2496946E-02	7.97268E-03	2.98209E-05 
4.2771816E-02	7.94396E-03	2.96532E-05 
4.3046687E-02	7.88750E-03	2.95013E-05 
4.3321561E-02	7.85569E-03	2.92881E-05 
4.3596432E-02	7.78679E-03	2.90974E-05 
4.3871302E-02	7.70089E-03	2.88712E-05 
4.4146173E-02	7.68201E-03	2.87356E-05 
4.4421043E-02	7.62821E-03	2.85448E-05 
4.4695914E-02	7.52308E-03	2.82925E-05 
4.4970788E-02	7.42996E-03	2.81175E-05 
4.5245659E-02	7.44521E-03	2.80162E-05 
4.5520529E-02	7.39873E-03	2.78383E-05 
4.579540E-02	7.34512E-03	2.77185E-05 
4.607027E-02	7.26190E-03	2.80431E-05 
4.6345141E-02	7.21520E-03	2.88163E-05 
4.6620015E-02	7.17950E-03	2.91334E-05 
4.6894886E-02	7.11962E-03	2.94695E-05 
4.7169756E-02	7.03522E-03	2.95637E-05 
4.7444627E-02	6.93805E-03	2.96307E-05 
4.7719497E-02	6.96612E-03	2.99202E-05 
4.7994372E-02	6.88471E-03	2.99255E-05 
4.8269242E-02	6.81743E-03	3.00301E-05 
4.8544113E-02	6.79267E-03	3.01400E-05 
4.8818983E-02	6.69894E-03	3.01397E-05 
4.9093854E-02	6.68692E-03	3.03180E-05 
4.9368724E-02	6.63989E-03	3.03252E-05 
4.9643598E-02	6.60708E-03	3.04421E-05 
4.9918469E-02	6.48963E-03	3.03308E-05 
5.019334E-02	6.47900E-03	3.04361E-05 
5.046821E-02	6.42609E-03	3.04905E-05 
5.0743081E-02	6.34891E-03	2.95905E-05 
5.1017951E-02	6.32774E-03	2.85608E-05 
5.1292825E-02	6.31076E-03	2.79610E-05 
5.1567696E-02	6.24744E-03	2.74456E-05 
5.1842567E-02	6.21170E-03	2.71505E-05 
5.2117437E-02	6.08873E-03	2.66860E-05 
5.2392308E-02	6.07104E-03	2.65002E-05 
5.2667178E-02	6.01704E-03	2.61991E-05 
5.2942052E-02	5.92621E-03	2.58982E-05 
5.3216923E-02	5.92335E-03	2.57026E-05 
5.3491794E-02	5.89228E-03	2.54947E-05 
5.3766664E-02	5.81300E-03	2.52433E-05 
5.4041535E-02	5.77643E-03	2.50049E-05 
5.4316405E-02	5.75033E-03	2.48751E-05 
5.4591279E-02	5.70267E-03	2.46706E-05 
5.486615E-02	5.66261E-03	2.44834E-05 
5.5141021E-02	5.58883E-03	2.42718E-05 
5.5415891E-02	5.54129E-03	2.41039E-05 
5.5690762E-02	5.50250E-03	2.39391E-05 
5.5965632E-02	5.49451E-03	2.38028E-05 
5.6240506E-02	5.37866E-03	2.35434E-05 
5.6515377E-02	5.36071E-03	2.34732E-05 
5.6790248E-02	5.30342E-03	2.32938E-05 
5.7065118E-02	5.26221E-03	2.31622E-05 
5.7339989E-02	5.21021E-03	2.30162E-05 
5.7614859E-02	5.19247E-03	2.29058E-05 
5.7889733E-02	5.15314E-03	2.27616E-05 
5.8164604E-02	5.02687E-03	2.24941E-05 
5.8439475E-02	4.96234E-03	2.23768E-05 
5.8714345E-02	4.99406E-03	2.23282E-05 
5.8989216E-02	4.95974E-03	2.22091E-05 
5.9264086E-02	4.91341E-03	2.20660E-05 
5.953896E-02	4.86830E-03	2.19539E-05 
5.9813831E-02	4.79582E-03	2.18012E-05 
6.0088702E-02	4.76899E-03	2.16905E-05 
6.0363572E-02	4.71146E-03	2.15497E-05 
6.0638443E-02	4.68005E-03	2.14866E-05 
6.0913313E-02	4.63026E-03	2.13566E-05 
6.1188187E-02	4.60864E-03	2.12324E-05 
6.1463058E-02	4.57066E-03	2.11342E-05 
6.1737929E-02	4.51838E-03	2.09690E-05 
6.2012799E-02	4.51166E-03	2.08907E-05 
6.228767E-02	4.42292E-03	2.07261E-05 
6.256254E-02	4.41591E-03	2.06483E-05 
6.2837414E-02	4.36003E-03	2.05317E-05 
6.3112281E-02	4.31430E-03	2.04119E-05 
6.3387156E-02	4.23564E-03	2.02383E-05 
6.366203E-02	4.21925E-03	2.01698E-05 
6.3936897E-02	4.18920E-03	2.00877E-05 
6.4211771E-02	4.13890E-03	1.99493E-05 
6.4486638E-02	4.11404E-03	1.98439E-05 
6.4761512E-02	4.06102E-03	1.97082E-05 
6.5036379E-02	4.02209E-03	1.95970E-05 
6.5311253E-02	4.01117E-03	1.95536E-05 
6.5586127E-02	3.94900E-03	1.94053E-05 
6.5860994E-02	3.90100E-03	1.92830E-05 
6.6135868E-02	3.88388E-03	1.92001E-05 
6.6410735E-02	3.86842E-03	1.91504E-05 
6.668561E-02	3.80863E-03	1.89957E-05 
6.6960484E-02	3.81844E-03	1.89838E-05 
6.7235351E-02	3.72037E-03	1.87695E-05 
6.7510225E-02	3.73189E-03	1.87636E-05 
6.7785092E-02	3.63174E-03	1.85485E-05 
6.8059966E-02	3.61301E-03	1.85076E-05 
6.8334833E-02	3.58197E-03	1.84204E-05 
6.8609707E-02	3.56574E-03	1.83579E-05 
6.8884581E-02	3.51866E-03	1.82190E-05 
6.9159448E-02	3.48271E-03	1.81227E-05 
6.9434322E-02	3.44110E-03	1.80567E-05 
6.9709189E-02	3.39753E-03	1.80225E-05 
6.9984064E-02	3.33565E-03	1.79928E-05 
7.0258938E-02	3.35400E-03	1.80684E-05 
7.0533805E-02	3.32401E-03	1.80711E-05 
7.0808679E-02	3.29166E-03	1.80675E-05 
7.1083546E-02	3.28653E-03	1.81385E-05 
7.135842E-02	3.21041E-03	1.80147E-05 
7.1633287E-02	3.20870E-03	1.80113E-05 
7.1908161E-02	3.18919E-03	1.79231E-05 
7.2183035E-02	3.14919E-03	1.78326E-05 
7.2457902E-02	3.14179E-03	1.77561E-05 
7.2732776E-02	3.07880E-03	1.75950E-05 
7.3007643E-02	3.04503E-03	1.74807E-05 
7.3282517E-02	3.00161E-03	1.73657E-05 
7.3557392E-02	2.95511E-03	1.72553E-05 
7.3832259E-02	2.94544E-03	1.71886E-05 
7.4107133E-02	2.91446E-03	1.70935E-05 
7.438200E-02	2.87246E-03	1.69723E-05 
7.4656874E-02	2.85394E-03	1.69084E-05 
7.4931741E-02	2.81936E-03	1.68097E-05 
7.5206615E-02	2.80516E-03	1.67307E-05 
7.5481489E-02	2.78058E-03	1.66664E-05 
7.5756356E-02	2.71289E-03	1.65111E-05 
7.603123E-02	2.70055E-03	1.64502E-05 
7.6306097E-02	2.65773E-03	1.63199E-05 
7.6580971E-02	2.64719E-03	1.62549E-05 
7.6855846E-02	2.64231E-03	1.62231E-05 
7.7130713E-02	2.60689E-03	1.61213E-05 
7.7405587E-02	2.55051E-03	1.60184E-05 
7.7680454E-02	2.54874E-03	1.59607E-05 
7.7955328E-02	2.50399E-03	1.58332E-05 
7.8230195E-02	2.48369E-03	1.58036E-05 
7.8505069E-02	2.46308E-03	1.57117E-05 
7.8779943E-02	2.41879E-03	1.56170E-05 
7.905481E-02	2.37002E-03	1.54988E-05 
7.9329684E-02	2.38389E-03	1.54774E-05 
7.9604551E-02	2.38208E-03	1.54450E-05 
7.9879425E-02	2.33827E-03	1.53345E-05 
8.015430E-02	2.29648E-03	1.52561E-05 
8.0429167E-02	2.26845E-03	1.51627E-05 
8.0704041E-02	2.27480E-03	1.51414E-05 
8.0978908E-02	2.22681E-03	1.50318E-05 
8.1253782E-02	2.22425E-03	1.49654E-05 
8.1528649E-02	2.17351E-03	1.48100E-05 
8.1803523E-02	2.15178E-03	1.47447E-05 
8.2078397E-02	2.11286E-03	1.45771E-05 
8.2353264E-02	2.12332E-03	1.45123E-05 
8.2628138E-02	2.07424E-03	1.43742E-05 
8.2903005E-02	2.04575E-03	1.42969E-05 
8.3177879E-02	2.04674E-03	1.42470E-05 
8.3452754E-02	2.00867E-03	1.41634E-05 
8.3727621E-02	1.98332E-03	1.40764E-05 
8.4002495E-02	1.97658E-03	1.40431E-05 
8.4277362E-02	1.94244E-03	1.40029E-05 
8.4552236E-02	1.89840E-03	1.39402E-05 
8.4827103E-02	1.90057E-03	1.39799E-05 
8.5101977E-02	1.90032E-03	1.39856E-05 
8.5376851E-02	1.89088E-03	1.39618E-05 
8.5651718E-02	1.84860E-03	1.38997E-05 
8.5926592E-02	1.80468E-03	1.37853E-05 
8.6201459E-02	1.80140E-03	1.37416E-05 
8.6476333E-02	1.80189E-03	1.37216E-05 
8.6751208E-02	1.76265E-03	1.36840E-05 
8.7026075E-02	1.71575E-03	1.35535E-05 
8.7300949E-02	1.68685E-03	1.34759E-05 
8.7575816E-02	1.68224E-03	1.34336E-05 
8.785069E-02	1.69320E-03	1.33998E-05 
8.8125557E-02	1.65983E-03	1.33448E-05 
8.8400431E-02	1.64185E-03	1.33086E-05 
8.8675305E-02	1.63377E-03	1.32512E-05 
8.8950172E-02	1.63693E-03	1.31963E-05 
8.9225046E-02	1.60591E-03	1.30952E-05 
8.9499913E-02	1.55760E-03	1.30213E-05 
8.9774787E-02	1.56804E-03	1.30183E-05 
9.0049662E-02	1.53338E-03	1.29415E-05 
9.0324529E-02	1.52923E-03	1.28968E-05 
9.0599403E-02	1.49376E-03	1.27983E-05 
9.087427E-02	1.46342E-03	1.27486E-05 
9.1149144E-02	1.45336E-03	1.27052E-05 
9.1424011E-02	1.43574E-03	1.26725E-05 
9.1698885E-02	1.43293E-03	1.26224E-05 
9.1973759E-02	1.40654E-03	1.25457E-05 
9.2248626E-02	1.38672E-03	1.25148E-05 
9.252350E-02	1.38419E-03	1.24954E-05 
9.2798367E-02	1.35798E-03	1.24291E-05 
9.3073241E-02	1.34920E-03	1.23714E-05 
9.3348116E-02	1.35003E-03	1.23507E-05 
9.3622983E-02	1.33320E-03	1.23096E-05 
9.3897857E-02	1.29354E-03	1.23272E-05 
9.4172724E-02	1.30211E-03	1.23030E-05 
9.4447598E-02	1.27392E-03	1.21586E-05 
9.4722465E-02	1.27011E-03	1.21412E-05 
9.4997339E-02	1.24513E-03	1.20784E-05 
9.5272213E-02	1.21715E-03	1.20376E-05 
9.554708E-02	1.20324E-03	1.20075E-05 
9.5821954E-02	1.18287E-03	1.19516E-05 
9.6096821E-02	1.17161E-03	1.19055E-05 
9.6371695E-02	1.16780E-03	1.18958E-05 
9.664657E-02	1.15240E-03	1.18467E-05 
9.6921436E-02	1.15560E-03	1.18627E-05 
9.7196311E-02	1.12324E-03	1.18012E-05 
9.7471178E-02	1.11869E-03	1.17852E-05 
9.7746052E-02	1.11152E-03	1.17441E-05 
9.8020919E-02	1.07656E-03	1.16940E-05 
9.8295793E-02	1.07390E-03	1.16837E-05 
9.8570667E-02	1.07127E-03	1.16593E-05 
9.8845534E-02	1.07469E-03	1.16584E-05 
9.9120408E-02	1.03354E-03	1.15696E-05 
9.9395275E-02	1.02945E-03	1.15616E-05 
9.9670149E-02	1.02783E-03	1.15323E-05 
9.9945024E-02	9.88675E-04	1.14387E-05 
1.0021989E-01	9.79832E-04	1.14221E-05 
1.0049476E-01	9.82680E-04	1.14124E-05 
1.0076963E-01	9.47595E-04	1.13717E-05 
1.0104451E-01	9.48016E-04	1.13739E-05 
1.0131937E-01	9.33498E-04	1.13450E-05 
1.0159425E-01	9.40163E-04	1.13711E-05 
1.0186912E-01	9.16089E-04	1.13146E-05 
1.0214399E-01	9.20124E-04	1.13323E-05 
1.0241886E-01	9.09912E-04	1.12969E-05 
1.0269373E-01	9.13368E-04	1.12990E-05 
1.029686E-01	8.93564E-04	1.12358E-05 
1.0324348E-01	8.72209E-04	1.12090E-05 
1.0351834E-01	8.53658E-04	1.11528E-05 
1.0379322E-01	8.51306E-04	1.11387E-05 
1.0406809E-01	8.32573E-04	1.11277E-05 
1.0434296E-01	8.13788E-04	1.12657E-05 
1.0461783E-01	8.35366E-04	1.15375E-05 
1.048927E-01	8.04264E-04	1.16396E-05 
1.0516758E-01	7.64939E-04	1.16910E-05 
1.0544244E-01	7.91004E-04	1.18017E-05 
1.0571732E-01	7.93141E-04	1.18574E-05 
1.0599218E-01	7.71398E-04	1.18740E-05 
1.0626706E-01	7.55222E-04	1.18757E-05 
1.0654193E-01	7.55420E-04	1.19421E-05 
1.068168E-01	7.40838E-04	1.19635E-05 
1.0709167E-01	7.36617E-04	1.19557E-05 
1.0736654E-01	7.16007E-04	1.19859E-05 
1.0764141E-01	6.94657E-04	1.19127E-05 
1.0791628E-01	7.19770E-04	1.19368E-05 
1.0819115E-01	7.23212E-04	1.19282E-05 
1.0846603E-01	7.06796E-04	1.19084E-05 
1.087409E-01	6.97289E-04	1.19376E-05 
1.0901577E-01	6.80407E-04	1.17810E-05 
1.0929064E-01	6.94704E-04	1.15684E-05 
1.0956551E-01	6.62559E-04	1.13756E-05 
1.0984039E-01	6.53468E-04	1.12607E-05 
1.1011525E-01	6.46633E-04	1.12407E-05 
1.1039013E-01	6.57212E-04	1.10467E-05 
1.1066499E-01	6.23492E-04	1.08751E-05 
1.1093987E-01	6.27883E-04	1.08191E-05 
1.1121473E-01	6.26429E-04	1.07641E-05 
1.1148961E-01	6.07948E-04	1.06763E-05 
1.1176448E-01	5.97095E-04	1.05932E-05 
1.1203935E-01	6.08182E-04	1.06078E-05 
1.1231422E-01	6.06188E-04	1.05428E-05 
1.1258909E-01	6.03642E-04	1.05069E-05 
1.1286397E-01	6.03195E-04	1.04957E-05 
1.1313884E-01	5.79827E-04	1.04139E-05 
1.1341371E-01	5.94761E-04	1.04088E-05 
1.1368858E-01	5.88317E-04	1.03723E-05 
1.1396345E-01	5.58792E-04	1.02762E-05 
1.1423832E-01	5.67384E-04	1.02850E-05 
1.145132E-01	5.53936E-04	1.02198E-05 
1.1478806E-01	5.63166E-04	1.02036E-05 
1.1506294E-01	5.40994E-04	1.01480E-05 
1.153378E-01	5.37006E-04	1.01274E-05 
1.1561268E-01	5.33051E-04	1.00811E-05 
1.1588755E-01	5.25481E-04	1.00479E-05 
1.1616242E-01	5.23078E-04	1.00042E-05 
1.1643729E-01	5.19640E-04	9.98989E-06 
1.1671216E-01	5.10997E-04	9.96492E-06 
1.1698703E-01	5.02870E-04	9.90591E-06 
1.172619E-01	5.02462E-04	9.89469E-06 
1.1753678E-01	4.90731E-04	9.83957E-06 
1.1781165E-01	4.83688E-04	9.82378E-06 
1.1808652E-01	4.68953E-04	9.77669E-06 
1.1836139E-01	4.93338E-04	9.78543E-06 
1.1863626E-01	4.80890E-04	9.75356E-06 
1.1891113E-01	4.58817E-04	9.69603E-06 
1.191860E-01	4.80700E-04	9.71051E-06 
1.1946087E-01	4.78387E-04	9.68061E-06 
1.1973575E-01	4.76572E-04	9.66012E-06 
1.2001061E-01	4.55991E-04	9.62584E-06 
1.2028549E-01	4.58823E-04	9.59581E-06 
1.2056036E-01	4.57680E-04	9.58033E-06 
1.2083523E-01	4.55917E-04	9.56496E-06 
1.211101E-01	4.26581E-04	9.48971E-06 
1.2138497E-01	4.35947E-04	9.48845E-06 
1.2165985E-01	4.40017E-04	9.47596E-06 
1.2193471E-01	4.44763E-04	9.46894E-06 
1.2220959E-01	4.44806E-04	9.45484E-06 
1.2248445E-01	4.25675E-04	9.39790E-06 
1.2275933E-01	4.31849E-04	9.39964E-06 
1.230342E-01	4.16216E-04	9.35311E-06 
1.2330907E-01	3.94091E-04	9.30236E-06 
1.2358394E-01	3.82016E-04	9.26703E-06 
1.2385881E-01	3.97105E-04	9.27651E-06 
1.2413368E-01	3.90799E-04	9.22207E-06 
1.2440856E-01	4.04302E-04	9.22482E-06 
1.2468342E-01	3.91941E-04	9.16017E-06 
1.249583E-01	3.93395E-04	9.12690E-06 
1.2523317E-01	3.96593E-04	9.12227E-06 
1.2550804E-01	3.85869E-04	9.08571E-06 
1.2578291E-01	3.93701E-04	9.07561E-06 
1.2605779E-01	3.98194E-04	9.08205E-06 
1.2633266E-01	3.81504E-04	9.04026E-06 
1.2660752E-01	3.87643E-04	9.04690E-06 
1.2688239E-01	3.79298E-04	9.00954E-06 
1.2715727E-01	3.75167E-04	8.99775E-06 
1.2743214E-01	3.78448E-04	8.98987E-06 
1.277070E-01	3.84105E-04	8.97507E-06 
1.2798189E-01	3.56813E-04	8.92725E-06 
1.2825675E-01	3.61474E-04	8.94583E-06 
1.2853162E-01	3.60853E-04	8.95646E-06 
1.2880649E-01	3.40368E-04	8.91307E-06 
1.2908137E-01	3.44917E-04	8.93007E-06 
1.2935624E-01	3.50667E-04	8.92327E-06 
1.296311E-01	3.47969E-04	8.88347E-06 
1.2990598E-01	3.44925E-04	8.87903E-06 
1.3018085E-01	3.47347E-04	8.86978E-06 
1.3045572E-01	3.33260E-04	8.84649E-06 
1.3073058E-01	3.44341E-04	8.85216E-06 
1.3100547E-01	3.43541E-04	8.82016E-06 
1.3128033E-01	3.20438E-04	8.78486E-06 
1.315552E-01	3.24895E-04	8.77915E-06 
1.3183008E-01	2.99556E-04	8.74058E-06 
1.3210495E-01	3.10301E-04	8.74031E-06 
1.3237981E-01	3.19180E-04	8.73800E-06 
1.326547E-01	3.17693E-04	8.72083E-06 
1.3292956E-01	3.30874E-04	8.72296E-06 
1.3320443E-01	3.15724E-04	8.68271E-06 
1.334793E-01	3.06905E-04	8.67544E-06 
1.3375418E-01	3.15740E-04	8.68819E-06 
1.3402905E-01	3.13409E-04	8.66700E-06 
1.3430391E-01	3.15782E-04	8.64144E-06 
1.3457879E-01	3.01159E-04	8.61646E-06 
1.3485366E-01	3.04428E-04	8.63029E-06 
1.3512853E-01	3.18498E-04	8.64253E-06 
1.3540339E-01	3.04316E-04	8.59253E-06 
1.3567828E-01	3.03637E-04	8.57587E-06 
1.3595314E-01	3.03382E-04	8.57136E-06 
1.3622801E-01	3.13945E-04	8.65309E-06 
1.3650289E-01	2.95229E-04	8.58895E-06 
1.3677776E-01	2.95416E-04	8.53771E-06 
1.3705263E-01	2.86614E-04	8.49564E-06 
1.3732749E-01	2.98567E-04	8.50684E-06 
1.3760237E-01	2.82530E-04	8.45914E-06 
1.3787724E-01	2.74001E-04	8.43929E-06 
1.3815211E-01	2.95967E-04	8.45799E-06 
1.3842699E-01	2.88110E-04	8.42414E-06 
1.3870186E-01	2.87687E-04	8.41270E-06 
1.3897672E-01	2.71227E-04	8.37025E-06 
1.392516E-01	2.96240E-04	8.41058E-06 
1.3952647E-01	2.89920E-04	8.36546E-06 
1.3980134E-01	2.78932E-04	8.35103E-06 
1.4007621E-01	2.80399E-04	8.34146E-06 
1.4035109E-01	2.76236E-04	8.31982E-06 
1.4062595E-01	2.67408E-04	8.30524E-06 
1.4090082E-01	2.70683E-04	8.28632E-06 
1.411757E-01	2.65631E-04	8.27764E-06 
1.4145057E-01	2.54455E-04	8.24414E-06 
1.4172544E-01	2.79408E-04	8.27320E-06 
1.420003E-01	2.67349E-04	8.24749E-06 
1.4227518E-01	2.52589E-04	8.22357E-06 
1.4255005E-01	2.48103E-04	8.20501E-06 
1.4282492E-01	2.58514E-04	8.19942E-06 
1.430998E-01	2.87328E-04	8.24291E-06 
1.4337467E-01	2.76935E-04	8.20488E-06 
1.4364953E-01	2.58952E-04	8.18858E-06 
1.439244E-01	2.32906E-04	8.13660E-06 
1.4419928E-01	2.62347E-04	8.16040E-06 
1.4447415E-01	2.63397E-04	8.14895E-06 
1.4474902E-01	2.62487E-04	8.14520E-06 
1.450239E-01	2.53280E-04	8.12401E-06 
1.4529876E-01	2.54612E-04	8.12426E-06 
1.4557363E-01	2.55812E-04	8.11196E-06 
1.4584851E-01	2.44068E-04	8.08338E-06 
1.4612338E-01	2.51821E-04	8.07684E-06 
1.4639825E-01	2.66655E-04	8.10589E-06 
1.4667311E-01	2.54931E-04	8.08143E-06 
1.4694799E-01	2.49221E-04	8.07417E-06 
1.4722286E-01	2.39210E-04	8.05685E-06 
1.4749773E-01	2.37580E-04	8.04025E-06 
1.4777261E-01	2.59719E-04	8.06398E-06 
1.4804748E-01	2.53435E-04	8.03930E-06 
1.4832234E-01	2.37620E-04	8.01224E-06 
1.4859721E-01	2.38646E-04	8.02715E-06 
1.4887209E-01	2.37840E-04	8.00421E-06 
1.4914696E-01	2.34978E-04	7.98855E-06 
1.4942183E-01	2.33563E-04	7.98846E-06 
1.4969671E-01	2.21577E-04	7.94315E-06 
1.4997157E-01	2.35052E-04	7.97406E-06 
1.5024644E-01	2.42752E-04	7.98504E-06 
1.5052131E-01	2.30563E-04	7.95095E-06 
1.5079619E-01	2.21860E-04	7.93614E-06 
1.5107106E-01	2.21897E-04	7.99499E-06 
1.5134592E-01	2.36993E-04	8.00903E-06 
1.5162081E-01	2.17823E-04	7.92491E-06 
1.5189567E-01	2.17894E-04	7.97710E-06 
1.5217054E-01	2.30160E-04	8.01888E-06 
1.5244542E-01	2.25864E-04	8.01156E-06 
1.5272029E-01	2.11729E-04	7.92117E-06 
1.5299515E-01	2.12566E-04	7.91190E-06 
1.5327002E-01	2.27769E-04	7.86771E-06 
1.535449E-01	2.23048E-04	7.82490E-06 
1.5381977E-01	2.03418E-04	7.79452E-06 
1.5409464E-01	2.15639E-04	7.79143E-06 
1.5436952E-01	2.20935E-04	7.79831E-06 
1.5464438E-01	2.23164E-04	7.79132E-06 
1.5491925E-01	2.11845E-04	7.78020E-06 
1.5519412E-01	2.09703E-04	7.76965E-06 
1.554690E-01	2.19832E-04	7.76949E-06 
1.5574387E-01	2.28587E-04	7.76734E-06 
1.5601873E-01	2.34104E-04	7.76332E-06 
1.5629362E-01	2.23796E-04	7.74117E-06 
1.5656848E-01	2.16031E-04	7.73333E-06 
1.5684335E-01	2.10881E-04	7.70595E-06 
1.5711822E-01	2.17472E-04	7.70541E-06 
1.573931E-01	2.21731E-04	7.69777E-06 
1.5766796E-01	2.05689E-04	7.67457E-06 
1.5794283E-01	1.99407E-04	7.65437E-06 
1.5821771E-01	2.06610E-04	7.65326E-06 
1.5849258E-01	1.99779E-04	7.64710E-06 
1.5876745E-01	1.96144E-04	7.63077E-06 
1.5904233E-01	2.06904E-04	7.63909E-06 
1.593172E-01	2.07406E-04	7.62062E-06 
1.5959206E-01	1.91532E-04	7.60646E-06 
1.5986693E-01	1.90909E-04	7.59668E-06 
1.6014181E-01	1.94994E-04	7.58019E-06 
1.6041668E-01	2.08213E-04	7.59963E-06 
1.6069154E-01	2.04100E-04	7.58491E-06 
1.6096643E-01	2.01266E-04	7.57107E-06 
1.6124129E-01	2.08057E-04	7.57237E-06 
1.6151616E-01	1.90839E-04	7.54007E-06 
1.6179103E-01	1.92712E-04	7.53376E-06 
1.6206591E-01	1.83242E-04	7.50673E-06 
1.6234078E-01	1.88806E-04	7.52473E-06 
1.6261564E-01	1.86298E-04	7.60240E-06 
1.6289052E-01	1.88640E-04	7.72626E-06 
1.6316539E-01	1.96903E-04	7.82100E-06 
1.6344026E-01	1.95717E-04	7.86681E-06 
1.6371512E-01	1.76790E-04	7.88294E-06 
1.6399001E-01	1.89304E-04	7.93951E-06 
1.6426487E-01	2.00098E-04	7.98635E-06 
1.6453974E-01	1.84036E-04	8.00600E-06 
1.6481462E-01	1.83492E-04	8.03502E-06 
1.6508949E-01	1.75912E-04	8.06202E-06 
1.6536435E-01	1.84915E-04	8.09746E-06 
1.6563924E-01	1.90915E-04	8.14530E-06 
1.659141E-01	1.52786E-04	8.06651E-06 
1.6618897E-01	1.86623E-04	8.14492E-06 
1.6646384E-01	1.71365E-04	8.13779E-06 
1.6673872E-01	1.89794E-04	8.17454E-06 
1.6701359E-01	1.89595E-04	8.20323E-06 
1.6728845E-01	1.76487E-04	8.08814E-06 
1.6756333E-01	1.82704E-04	7.95599E-06 
1.678382E-01	1.74610E-04	7.87602E-06 
1.6811307E-01	1.79739E-04	7.81770E-06 
1.6838793E-01	1.80750E-04	7.77324E-06 
1.6866282E-01	1.75876E-04	7.73755E-06 
1.6893768E-01	1.63709E-04	7.67831E-06 
1.6921255E-01	1.75688E-04	7.67179E-06 
1.6948743E-01	1.66284E-04	7.62434E-06 
1.697623E-01	1.74859E-04	7.62330E-06 
1.7003717E-01	1.71824E-04	7.59401E-06 
1.7031203E-01	1.72779E-04	7.56486E-06 
1.7058691E-01	1.82637E-04	7.57215E-06 
1.7086178E-01	1.66778E-04	7.51816E-06 
1.7113665E-01	1.59790E-04	7.50179E-06 
1.7141153E-01	1.59190E-04	7.47938E-06 
1.716864E-01	1.70781E-04	7.48616E-06 
1.7196126E-01	1.57016E-04	7.44001E-06 
1.7223614E-01	1.62551E-04	7.43780E-06 
1.7251101E-01	1.70202E-04	7.43677E-06 
1.7278588E-01	1.61694E-04	7.39777E-06 
1.7306075E-01	1.65993E-04	7.39830E-06 
1.7333563E-01	1.56536E-04	7.36778E-06 
1.7361049E-01	1.72220E-04	7.37014E-06 
1.7388536E-01	1.64984E-04	7.35543E-06 
1.7416024E-01	1.57813E-04	7.32953E-06 
1.7443511E-01	1.61563E-04	7.33031E-06 
1.7470998E-01	1.64737E-04	7.31719E-06 
1.7498484E-01	1.59076E-04	7.29487E-06 
1.7525972E-01	1.52280E-04	7.27768E-06 
1.7553459E-01	1.52655E-04	7.25381E-06 
1.7580946E-01	1.48643E-04	7.23452E-06 
1.7608434E-01	1.54508E-04	7.22917E-06 
1.7635921E-01	1.37862E-04	7.18586E-06 
1.7663407E-01	1.53532E-04	7.18390E-06 
1.7690895E-01	1.59693E-04	7.18072E-06 
1.7718382E-01	1.73182E-04	7.19927E-06 
1.7745869E-01	1.68604E-04	7.17795E-06 
1.7773356E-01	1.55014E-04	7.14956E-06 
1.7800844E-01	1.50873E-04	7.12535E-06 
1.782833E-01	1.63953E-04	7.13360E-06 
1.7855817E-01	1.47116E-04	7.08950E-06 
1.7883305E-01	1.40806E-04	7.07439E-06 
1.7910792E-01	1.50251E-04	7.09031E-06 
1.7938279E-01	1.42114E-04	7.05222E-06 
1.7965765E-01	1.51771E-04	7.06577E-06 
1.7993253E-01	1.39239E-04	7.02849E-06 
1.802074E-01	1.59520E-04	7.06992E-06 
1.8048227E-01	1.37439E-04	7.03465E-06 
1.8075715E-01	1.42832E-04	7.04005E-06 
1.8103202E-01	1.43026E-04	7.04642E-06 
1.8130688E-01	1.43665E-04	7.04266E-06 
1.8158175E-01	1.33713E-04	7.01757E-06 
1.8185663E-01	1.27718E-04	7.01177E-06 
1.821315E-01	1.43681E-04	7.03434E-06 
1.8240637E-01	1.36827E-04	7.02011E-06 
1.8268125E-01	1.39540E-04	7.01138E-06 
1.8295611E-01	1.49596E-04	7.03270E-06 
1.8323098E-01	1.51170E-04	7.02780E-06 
1.8350586E-01	1.41308E-04	6.98466E-06 
1.8378073E-01	1.50047E-04	7.00446E-06 
1.840556E-01	1.30543E-04	6.95629E-06 
1.8433046E-01	1.28898E-04	6.93995E-06 
1.8460535E-01	1.46273E-04	6.94184E-06 
1.8488021E-01	1.38318E-04	6.93141E-06 
1.8515508E-01	1.26552E-04	6.89972E-06 
1.8542996E-01	1.44202E-04	6.91764E-06 
1.8570483E-01	1.43949E-04	6.91172E-06 
1.8597969E-01	1.28654E-04	6.86699E-06 
1.8625456E-01	1.42343E-04	6.88367E-06 
1.8652944E-01	1.20874E-04	6.84302E-06 
1.8680431E-01	1.15372E-04	6.82593E-06 
1.8707918E-01	1.16930E-04	6.82081E-06 
1.8735406E-01	1.34101E-04	6.83486E-06 
1.8762892E-01	1.15653E-04	6.85011E-06 
1.8790379E-01	1.30703E-04	6.84291E-06 
1.8817866E-01	1.27140E-04	6.83008E-06 
1.8845354E-01	1.12681E-04	6.81555E-06 
1.8872841E-01	1.24339E-04	6.80853E-06 
1.8900327E-01	1.17133E-04	6.79521E-06 
1.8927816E-01	1.16437E-04	6.79439E-06 
1.8955302E-01	1.11510E-04	6.79712E-06 
1.8982789E-01	1.12497E-04	6.78109E-06 
1.9010277E-01	1.29588E-04	6.77500E-06 
1.9037764E-01	1.34491E-04	6.77757E-06 
1.906525E-01	1.19697E-04	6.73978E-06 
1.9092737E-01	1.16285E-04	6.72321E-06 
1.9120225E-01	1.19715E-04	6.70412E-06 
1.9147712E-01	1.20511E-04	6.69546E-06 
1.9175199E-01	1.19772E-04	6.69862E-06 
1.9202687E-01	1.06982E-04	6.68568E-06 
1.9230174E-01	1.17893E-04	6.68546E-06 
1.925766E-01	1.28732E-04	6.68038E-06 
1.9285147E-01	1.25197E-04	6.66675E-06 
1.9312635E-01	1.13594E-04	6.63723E-06 
1.9340122E-01	1.22814E-04	6.64656E-06 
1.9367608E-01	1.17514E-04	6.63897E-06 
1.9395097E-01	1.17893E-04	6.62653E-06 
1.9422583E-01	1.00918E-04	6.60180E-06 
1.945007E-01	1.09179E-04	6.60292E-06 
1.9477557E-01	1.17694E-04	6.59908E-06 
1.9505045E-01	1.27154E-04	6.60056E-06 
1.9532531E-01	1.23312E-04	6.59875E-06 
1.9560018E-01	1.20287E-04	6.59326E-06 
1.9587506E-01	1.11714E-04	6.56328E-06 
1.9614993E-01	1.11154E-04	6.56409E-06 
1.964248E-01	1.14596E-04	6.55704E-06 
1.9669968E-01	1.19354E-04	6.55021E-06 
1.9697455E-01	1.15980E-04	6.55309E-06 
1.9724941E-01	1.01787E-04	6.52071E-06 
1.9752428E-01	1.17769E-04	6.53954E-06 
1.9779916E-01	1.08333E-04	6.50872E-06 
1.9807403E-01	1.00132E-04	6.49561E-06 
1.9834889E-01	9.39141E-05	6.48047E-06 
1.9862378E-01	9.81490E-05	6.48695E-06 
1.9889864E-01	1.02023E-04	6.48595E-06 
1.9917351E-01	1.07095E-04	6.48333E-06 
1.9944838E-01	1.14995E-04	6.49441E-06 
1.9972326E-01	1.07987E-04	6.47683E-06 
1.9999813E-01	1.17429E-04	6.48046E-06 
2.0027299E-01	1.08151E-04	6.46439E-06 
2.0054787E-01	1.02214E-04	6.45290E-06 
2.0082274E-01	9.95921E-05	6.43899E-06 
2.0109761E-01	9.96542E-05	6.44025E-06 
2.0137247E-01	1.13379E-04	6.45705E-06 
2.0164736E-01	1.04876E-04	6.43792E-06 
2.0192222E-01	9.91581E-05	6.42239E-06 
2.0219709E-01	9.95959E-05	6.42122E-06 
2.0247197E-01	1.16112E-04	6.43679E-06 
2.0274684E-01	1.11038E-04	6.42590E-06 
2.0302171E-01	1.03306E-04	6.41437E-06 
2.0329659E-01	1.06966E-04	6.41242E-06 
2.0357145E-01	9.85971E-05	6.39490E-06 
2.0384632E-01	9.23949E-05	6.38247E-06 
2.0412119E-01	1.05443E-04	6.39770E-06 
2.0439607E-01	1.00836E-04	6.39303E-06 
2.0467094E-01	1.01218E-04	6.38147E-06 
2.049458E-01	1.01061E-04	6.36978E-06 
2.0522068E-01	9.46308E-05	6.36717E-06 
2.0549555E-01	9.24851E-05	6.34513E-06 
2.0577042E-01	9.53216E-05	6.34460E-06 
2.0604528E-01	9.95927E-05	6.34706E-06 
2.0632017E-01	1.01089E-04	6.35092E-06 
2.0659503E-01	8.89444E-05	6.32398E-06 
2.068699E-01	9.02407E-05	6.32474E-06 
2.0714478E-01	9.72200E-05	6.32366E-06 
2.0741965E-01	1.02326E-04	6.32199E-06 
2.0769452E-01	1.06727E-04	6.33398E-06 
2.0796938E-01	9.58883E-05	6.31181E-06 
2.0824426E-01	1.02376E-04	6.31852E-06 
2.0851913E-01	9.36066E-05	6.29812E-06 
2.087940E-01	9.84925E-05	6.29823E-06 
2.0906888E-01	8.80247E-05	6.28565E-06 
2.0934375E-01	8.90717E-05	6.28542E-06 
2.0961861E-01	9.05346E-05	6.28325E-06 
2.0989349E-01	8.58203E-05	6.26486E-06 
2.1016836E-01	9.38804E-05	6.27505E-06 
2.1044323E-01	9.09557E-05	6.27213E-06 
2.107181E-01	1.11141E-04	6.29639E-06 
2.1099298E-01	9.85804E-05	6.28099E-06 
2.1126784E-01	8.76694E-05	6.27543E-06 
2.1154271E-01	9.58587E-05	6.29911E-06 
2.1181759E-01	9.27538E-05	6.29328E-06 
2.1209246E-01	8.54175E-05	6.29629E-06 
2.1236733E-01	9.66998E-05	6.31157E-06 
2.1264219E-01	9.96258E-05	6.31269E-06 
2.1291707E-01	9.11885E-05	6.31499E-06 
2.1319194E-01	9.29776E-05	6.32985E-06 
2.1346681E-01	8.78018E-05	6.32817E-06 
2.1374169E-01	1.02369E-04	6.34822E-06 
2.1401656E-01	1.00981E-04	6.34111E-06 
2.1429142E-01	9.43056E-05	6.34832E-06 
2.1456629E-01	8.88179E-05	6.33654E-06 
2.1484117E-01	9.07665E-05	6.35359E-06 
2.1511604E-01	8.38165E-05	6.34879E-06 
2.1539091E-01	7.91009E-05	6.34082E-06 
2.1566579E-01	8.63723E-05	6.35669E-06 
2.1594065E-01	8.02647E-05	6.35223E-06 
2.1621552E-01	6.90756E-05	6.34732E-06 
2.164904E-01	7.95598E-05	6.36287E-06 
2.1676527E-01	9.73393E-05	6.38527E-06 
2.1704014E-01	8.30933E-05	6.37399E-06 
2.173150E-01	7.78254E-05	6.37431E-06 
2.1758988E-01	8.74200E-05	6.38222E-06 
2.1786475E-01	9.11091E-05	6.39533E-06 
2.1813962E-01	8.54934E-05	6.39347E-06 
2.184145E-01	9.78807E-05	6.40889E-06 
2.1868937E-01	7.35269E-05	6.38433E-06 
2.1896423E-01	7.91449E-05	6.39592E-06 
2.192391E-01	9.40205E-05	6.40696E-06 
2.1951398E-01	7.42540E-05	6.38830E-06 
2.1978885E-01	7.67495E-05	6.39561E-06 
2.2006372E-01	8.54313E-05	6.41495E-06 
2.203386E-01	6.98867E-05	6.40152E-06 
2.2061346E-01	7.85869E-05	6.41864E-06 
2.2088833E-01	6.62997E-05	6.48349E-06 
2.211632E-01	6.64970E-05	6.59400E-06 
2.2143808E-01	8.36610E-05	6.68711E-06 
2.2171295E-01	7.90157E-05	6.72621E-06 
2.2198781E-01	6.47212E-05	6.75840E-06 
2.222627E-01	7.36289E-05	6.81223E-06 
2.2253756E-01	8.59113E-05	6.87340E-06 
2.2281243E-01	8.13340E-05	6.90968E-06 
2.2308731E-01	8.98113E-05	6.95637E-06 
2.2336218E-01	6.93843E-05	6.96486E-06 
2.2363704E-01	7.89083E-05	7.01437E-06 
2.2391191E-01	6.98454E-05	7.01264E-06 
2.2418679E-01	8.05273E-05	7.07269E-06 
2.2446166E-01	8.08326E-05	7.09504E-06 
2.2473653E-01	7.51020E-05	7.11151E-06 
2.2501141E-01	6.86624E-05	7.11800E-06 
2.2528628E-01	6.78015E-05	7.15235E-06 
2.2556114E-01	8.79139E-05	7.12116E-06 
2.2583601E-01	8.51291E-05	6.99464E-06 
2.2611089E-01	7.15297E-05	6.91836E-06 
2.2638576E-01	6.71127E-05	6.86670E-06 
2.2666062E-01	8.02173E-05	6.86722E-06 
2.2693551E-01	7.98242E-05	6.84259E-06 
2.2721037E-01	6.67760E-05	6.79330E-06 
2.2748524E-01	6.75652E-05	6.79310E-06 
2.2776011E-01	7.11293E-05	6.76884E-06 
2.2803499E-01	7.06076E-05	6.75516E-06 
2.2830985E-01	8.29842E-05	6.75877E-06 
2.2858472E-01	7.31407E-05	6.72164E-06 
2.288596E-01	7.42601E-05	6.70566E-06 
2.2913447E-01	7.72109E-05	6.68775E-06 
2.2940934E-01	6.95174E-05	6.66045E-06 
2.2968422E-01	7.19199E-05	6.65162E-06 
2.2995909E-01	7.26879E-05	6.63583E-06 
2.3023395E-01	6.24166E-05	6.62333E-06 
2.3050882E-01	6.10179E-05	6.61627E-06 
2.307837E-01	5.78199E-05	6.58787E-06 
2.3105857E-01	6.13925E-05	6.58700E-06 
2.3133343E-01	6.50651E-05	6.57292E-06 
2.3160832E-01	6.35795E-05	6.57211E-06 
2.3188318E-01	7.62639E-05	6.58182E-06 
2.3215805E-01	7.00510E-05	6.57507E-06 
2.3243292E-01	6.41993E-05	6.57328E-06 
2.327078E-01	5.72007E-05	6.55820E-06 
2.3298267E-01	6.87225E-05	6.56411E-06 
2.3325753E-01	6.77442E-05	6.56113E-06 
2.3353241E-01	7.05690E-05	6.57176E-06 
2.3380728E-01	6.72332E-05	6.55442E-06 
2.3408215E-01	5.54329E-05	6.54335E-06 
2.3435701E-01	5.40180E-05	6.54306E-06 
2.346319E-01	5.19646E-05	6.53389E-06 
2.3490676E-01	6.50508E-05	6.54983E-06 
2.3518163E-01	5.64615E-05	6.54025E-06 
2.3545651E-01	6.66830E-05	6.56564E-06 
2.3573138E-01	6.28619E-05	6.56816E-06 
2.3600625E-01	5.80794E-05	6.58202E-06 
2.3628113E-01	5.08704E-05	6.55033E-06 
2.3655599E-01	6.81556E-05	6.58416E-06 
2.3683086E-01	7.07028E-05	6.58225E-06 
2.3710573E-01	5.72180E-05	6.56365E-06 
2.3738061E-01	5.72813E-05	6.57350E-06 
2.3765548E-01	6.16988E-05	6.56622E-06 
2.3793034E-01	6.38864E-05	6.58004E-06 
2.3820522E-01	5.16777E-05	6.55976E-06 
2.3848009E-01	5.81965E-05	6.57279E-06 
2.3875496E-01	6.04775E-05	6.56757E-06 
2.3902982E-01	4.91680E-05	6.55359E-06 
2.3930471E-01	7.00151E-05	6.58835E-06 
2.3957957E-01	6.39220E-05	6.57708E-06 
2.3985444E-01	5.73068E-05	6.55828E-06 
2.4012932E-01	5.02128E-05	6.56197E-06 
2.4040419E-01	6.16695E-05	6.56730E-06 
2.4067906E-01	6.84865E-05	6.58161E-06 
2.4095392E-01	5.27133E-05	6.55161E-06 
2.412288E-01	5.77427E-05	6.56418E-06 
2.4150367E-01	4.94826E-05	6.55080E-06 
2.4177854E-01	5.95409E-05	6.56021E-06 
2.4205342E-01	6.59167E-05	6.56630E-06 
2.4232829E-01	4.94532E-05	6.55455E-06 
2.4260315E-01	4.33304E-05	6.53116E-06 
2.4287803E-01	6.16509E-05	6.56576E-06 
2.431529E-01	5.44529E-05	6.55105E-06 
2.4342777E-01	5.72845E-05	6.57091E-06 
2.4370264E-01	6.17932E-05	6.56665E-06 
2.4397752E-01	5.33733E-05	6.55150E-06 
2.4425238E-01	5.18809E-05	6.55695E-06 
2.4452725E-01	5.54007E-05	6.56237E-06 
2.4480213E-01	4.56533E-05	6.53800E-06 
2.450770E-01	5.93072E-05	6.56441E-06 
2.4535187E-01	5.40423E-05	6.54893E-06 
2.4562673E-01	5.53673E-05	6.55858E-06 
2.4590161E-01	6.37361E-05	6.57400E-06 
2.4617648E-01	6.17594E-05	6.56540E-06 
2.4645135E-01	5.57496E-05	6.55056E-06 
2.4672623E-01	6.60560E-05	6.57514E-06 
2.470011E-01	6.90905E-05	6.57018E-06 
2.4727596E-01	5.80995E-05	6.55845E-06 
2.4755085E-01	4.74772E-05	6.54567E-06 
2.4782571E-01	5.46150E-05	6.55133E-06 
2.4810058E-01	6.44854E-05	6.57699E-06 
2.4837545E-01	5.13827E-05	6.55008E-06 
2.4865033E-01	4.69123E-05	6.55018E-06 
2.4892519E-01	4.62119E-05	6.54211E-06 
2.4920006E-01	5.68364E-05	6.55431E-06 
2.4947494E-01	5.76609E-05	6.56344E-06 
2.4974981E-01	5.26642E-05	6.55774E-06 
2.5002468E-01	6.01981E-05	6.57682E-06 
2.5029954E-01	4.37018E-05	6.54224E-06 
2.5057441E-01	4.95057E-05	6.55006E-06 
2.5084931E-01	5.11075E-05	6.54466E-06 
2.5112417E-01	5.29243E-05	6.55433E-06 
2.5139904E-01	4.67357E-05	6.54958E-06 
2.5167391E-01	5.93529E-05	6.56619E-06 
2.5194877E-01	6.86459E-05	6.58662E-06 
2.5222364E-01	5.49039E-05	6.56471E-06 
2.5249851E-01	5.91195E-05	6.57017E-06 
2.527734E-01	4.74293E-05	6.55162E-06 
2.5304827E-01	5.70302E-05	6.56500E-06 
2.5332314E-01	5.85992E-05	6.57046E-06 
2.535980E-01	4.27519E-05	6.53493E-06 
2.5387287E-01	6.28716E-05	6.56071E-06 
2.5414774E-01	5.00225E-05	6.54588E-06 
2.5442261E-01	4.06149E-05	6.53648E-06 
2.546975E-01	3.49556E-05	6.53839E-06 
2.5497237E-01	4.81403E-05	6.55045E-06 
2.5524724E-01	5.05176E-05	6.56050E-06 
2.555221E-01	4.55885E-05	6.54845E-06 
2.5579697E-01	5.55120E-05	6.56016E-06 
2.5607184E-01	4.16941E-05	6.54607E-06 
2.563467E-01	4.33647E-05	6.55152E-06 
2.566216E-01	4.68568E-05	6.55079E-06 
2.5689647E-01	5.03074E-05	6.55367E-06 
2.5717133E-01	4.43521E-05	6.55715E-06 
2.574462E-01	4.33928E-05	6.55215E-06 
2.5772107E-01	3.72413E-05	6.53818E-06 
2.5799593E-01	4.53743E-05	6.55338E-06 
2.582708E-01	4.88688E-05	6.55607E-06 
2.585457E-01	3.96760E-05	6.54650E-06 
2.5882056E-01	4.08428E-05	6.54794E-06 
2.5909543E-01	4.25131E-05	6.54265E-06 
2.593703E-01	4.91654E-05	6.55668E-06 
2.5964516E-01	6.13568E-05	6.57094E-06 
2.5992003E-01	5.77202E-05	6.57425E-06 
2.601949E-01	4.52982E-05	6.53391E-06 
2.6046979E-01	4.69389E-05	6.53246E-06 
2.6074466E-01	4.60844E-05	6.54002E-06 
2.6101953E-01	5.53570E-05	6.53479E-06 
2.6129439E-01	4.62577E-05	6.50685E-06 
2.6156926E-01	4.78378E-05	6.50652E-06 
2.6184413E-01	5.04301E-05	6.51159E-06 
2.621190E-01	4.96976E-05	6.49523E-06 
2.6239389E-01	5.05114E-05	6.48395E-06 
2.6266876E-01	4.12772E-05	6.47312E-06 
2.6294363E-01	3.86719E-05	6.46418E-06 
2.6321849E-01	3.96314E-05	6.45767E-06 
2.6349336E-01	5.08541E-05	6.47591E-06 
2.6376823E-01	4.97271E-05	6.46758E-06 
2.6404312E-01	3.79271E-05	6.46449E-06 
2.6431799E-01	3.78461E-05	6.45677E-06 
2.6459286E-01	4.74126E-05	6.47749E-06 
2.6486772E-01	4.25916E-05	6.46665E-06 
2.6514259E-01	5.34664E-05	6.48441E-06 
2.6541746E-01	5.16155E-05	6.47451E-06 
2.6569232E-01	3.73901E-05	6.45701E-06 
2.6596722E-01	5.31074E-05	6.49332E-06 
2.6624209E-01	4.05816E-05	6.46787E-06 
2.6651695E-01	4.06894E-05	6.47197E-06 
2.6679182E-01	4.93617E-05	6.48701E-06 
2.6706669E-01	5.96924E-05	6.50560E-06 
2.6734155E-01	5.32735E-05	6.49719E-06 
2.6761642E-01	5.32741E-05	6.49094E-06 
2.6789132E-01	4.59999E-05	6.48669E-06 
2.6816618E-01	3.82852E-05	6.46890E-06 
2.6844105E-01	3.77567E-05	6.46262E-06 
2.6871592E-01	4.60485E-05	6.48959E-06 
2.6899078E-01	4.19656E-05	6.46619E-06 
2.6926565E-01	3.52572E-05	6.46317E-06 
2.6954052E-01	3.94113E-05	6.47333E-06 
2.6981542E-01	4.02509E-05	6.46556E-06 
2.7009028E-01	5.30418E-05	6.48669E-06 
2.7036515E-01	5.51412E-05	6.48972E-06 
2.7064002E-01	5.27692E-05	6.49669E-06 
2.7091488E-01	5.28903E-05	6.48635E-06 
2.7118975E-01	5.08425E-05	6.48342E-06 
2.7146462E-01	4.72060E-05	6.48456E-06 
2.7173951E-01	4.19072E-05	6.48059E-06 
2.7201438E-01	4.91474E-05	6.48664E-06 
2.7228925E-01	5.00666E-05	6.49812E-06 
2.7256411E-01	3.93586E-05	6.48066E-06 
2.7283898E-01	3.57436E-05	6.46926E-06 
2.7311385E-01	3.27484E-05	6.47998E-06 
2.7338871E-01	4.11503E-05	6.48266E-06 
2.7366361E-01	4.51952E-05	6.48369E-06 
2.7393848E-01	3.58689E-05	6.47791E-06 
2.7421334E-01	4.70273E-05	6.47417E-06 
2.7448821E-01	4.32047E-05	6.47677E-06 
2.7476308E-01	3.90174E-05	6.47708E-06 
2.7503794E-01	4.09370E-05	6.48318E-06 
2.7531281E-01	4.64406E-05	6.48741E-06 
2.7558771E-01	4.11497E-05	6.47698E-06 
2.7586257E-01	4.43744E-05	6.48504E-06 
2.7613744E-01	4.84587E-05	6.48982E-06 
2.7641231E-01	4.58783E-05	6.49317E-06 
2.7668718E-01	4.07656E-05	6.48414E-06 
2.7696204E-01	4.66250E-05	6.49537E-06 
2.7723694E-01	3.84912E-05	6.47360E-06 
2.7751181E-01	3.68062E-05	6.47246E-06 
2.7778667E-01	3.70992E-05	6.47515E-06 
2.7806154E-01	4.18568E-05	6.48420E-06 
2.7833641E-01	3.48696E-05	6.46808E-06 
2.7861127E-01	4.39417E-05	6.49456E-06 
2.7888614E-01	5.25726E-05	6.50601E-06 
2.7916104E-01	4.16947E-05	6.58491E-06 
2.794359E-01	2.56141E-05	6.72026E-06 
2.7971077E-01	3.83241E-05	6.80484E-06 
2.7998564E-01	4.00628E-05	6.88205E-06 
2.802605E-01	4.73797E-05	6.95316E-06 
2.8053537E-01	4.24246E-05	7.00436E-06 
2.8081024E-01	1.97135E-05	7.01120E-06 
2.8108513E-01	4.98415E-05	7.10317E-06 
2.813600E-01	4.83698E-05	7.13707E-06 
2.8163487E-01	5.33496E-05	7.20032E-06 
2.8190973E-01	5.28411E-05	7.24033E-06 
2.821846E-01	4.72566E-05	7.25794E-06 
2.8245947E-01	3.79074E-05	7.29627E-06 
2.8273433E-01	3.41367E-05	7.32604E-06 
2.8300923E-01	3.22088E-05	7.35656E-06 
2.832841E-01	4.18497E-05	7.41777E-06 
2.8355896E-01	4.59370E-05	7.44546E-06 
2.8383383E-01	3.98858E-05	7.37892E-06 
2.841087E-01	5.76822E-05	7.24841E-06 
2.8438357E-01	4.09701E-05	7.13444E-06 
2.8465843E-01	5.60770E-05	7.12901E-06 
2.8493333E-01	4.94994E-05	7.07035E-06 
2.852082E-01	4.18880E-05	7.02151E-06 
2.8548306E-01	3.96294E-05	6.99114E-06 
2.8575793E-01	3.75723E-05	6.96864E-06 
2.860328E-01	4.75844E-05	6.96627E-06 
2.8630766E-01	5.56539E-05	6.95439E-06 
2.8658253E-01	4.39872E-05	6.93766E-06 
2.8685743E-01	4.64707E-05	6.91293E-06 
2.8713229E-01	4.01678E-05	6.87773E-06 
2.8740716E-01	4.14346E-05	6.86014E-06 
2.8768203E-01	5.15469E-05	6.85838E-06 
2.8795689E-01	5.00003E-05	6.84288E-06 
2.8823176E-01	3.59019E-05	6.79700E-06 
2.8850663E-01	4.24576E-05	6.81916E-06 
2.8878152E-01	4.25198E-05	6.80407E-06 
2.8905639E-01	4.02478E-05	6.79560E-06 
2.8933126E-01	3.30180E-05	6.78671E-06 
2.8960612E-01	4.49112E-05	6.80171E-06 
2.8988099E-01	4.43745E-05	6.77894E-06 
2.9015586E-01	4.23003E-05	6.77182E-06 
2.9043075E-01	4.28565E-05	6.77319E-06 
2.9070562E-01	3.92571E-05	6.76859E-06 
2.9098049E-01	4.56387E-05	6.76350E-06 
2.9125535E-01	4.18579E-05	6.74990E-06 
2.9153022E-01	3.41827E-05	6.74500E-06 
2.9180509E-01	4.63027E-05	6.77854E-06 
2.9207996E-01	3.45633E-05	6.76323E-06 
2.9235485E-01	3.28052E-05	6.76813E-06 
2.9262972E-01	4.01530E-05	6.77813E-06 
2.9290459E-01	3.60873E-05	6.76058E-06 
2.9317945E-01	4.86573E-05	6.78025E-06 
2.9345432E-01	4.75432E-05	6.77372E-06 
2.9372919E-01	4.09274E-05	6.75279E-06 
2.9400405E-01	3.20583E-05	6.74806E-06 
2.9427895E-01	3.37617E-05	6.76425E-06 
2.9455382E-01	3.35817E-05	6.74574E-06 
2.9482868E-01	3.65467E-05	6.73651E-06 
2.9510355E-01	4.83878E-05	6.75007E-06 
2.9537842E-01	5.27578E-05	6.76835E-06 
2.9565328E-01	3.78009E-05	6.75817E-06 
2.9592815E-01	4.31473E-05	6.76893E-06 
2.9620305E-01	4.19873E-05	6.75057E-06 
2.9647791E-01	4.28438E-05	6.74279E-06 
2.9675278E-01	2.89554E-05	6.70938E-06 
2.9702765E-01	3.58612E-05	6.72358E-06 
2.9730251E-01	3.35926E-05	6.70734E-06 
2.9757738E-01	4.16685E-05	6.71975E-06 
2.9785225E-01	4.64094E-05	6.72715E-06 
2.9812714E-01	3.75610E-05	6.70695E-06 
2.9840201E-01	3.23001E-05	6.69444E-06 
2.9867688E-01	4.29797E-05	6.70237E-06 
2.9895175E-01	5.47707E-05	6.73345E-06 
2.9922661E-01	3.26014E-05	6.68659E-06 
2.9950148E-01	4.15508E-05	6.70231E-06 
2.9977635E-01	3.77565E-05	6.68898E-06 
3.0005124E-01	4.08742E-05	6.68304E-06 
3.0032611E-01	3.21823E-05	6.66361E-06 
3.0060098E-01	4.30992E-05	6.67136E-06 
3.0087584E-01	4.26505E-05	6.65099E-06 
3.0115071E-01	4.39287E-05	6.63753E-06 
3.0142558E-01	4.59908E-05	6.64950E-06 
3.0170044E-01	3.45269E-05	6.61722E-06 
3.0197534E-01	4.38458E-05	6.61085E-06 
3.0225021E-01	5.18950E-05	6.61507E-06 
3.0252507E-01	4.63239E-05	6.59898E-06 
3.0279994E-01	4.13499E-05	6.57596E-06 
3.0307481E-01	5.53029E-05	6.58965E-06 
3.0334967E-01	5.36159E-05	6.58388E-06 
3.0362457E-01	5.34253E-05	6.58763E-06 
3.0389944E-01	4.27266E-05	6.57778E-06 
3.041743E-01	5.65300E-05	6.59575E-06 
3.0444917E-01	4.34590E-05	6.56416E-06 
3.0472404E-01	4.13968E-05	6.57014E-06 
3.049989E-01	4.57904E-05	6.57761E-06 
3.0527377E-01	3.55141E-05	6.55097E-06 
3.0554867E-01	4.60737E-05	6.57062E-06 
3.0582353E-01	4.05949E-05	6.56556E-06 
3.060984E-01	4.23951E-05	6.55533E-06 
3.0637327E-01	4.67515E-05	6.56667E-06 
3.0664814E-01	4.74000E-05	6.56840E-06 
3.069230E-01	3.85251E-05	6.54580E-06 
3.0719787E-01	4.85280E-05	6.56280E-06 
3.0747277E-01	6.23072E-05	6.58513E-06 
3.0774763E-01	4.59584E-05	6.55598E-06 
3.080225E-01	3.02951E-05	6.53991E-06 
3.0829737E-01	4.05497E-05	6.55207E-06 
3.0857223E-01	3.71499E-05	6.54601E-06 
3.088471E-01	3.52181E-05	6.54689E-06 
3.0912197E-01	4.92297E-05	6.56008E-06 
3.0939686E-01	4.41807E-05	6.54834E-06 
3.0967173E-01	4.47293E-05	6.54457E-06 
3.099466E-01	5.34902E-05	6.55609E-06 
3.1022146E-01	3.76764E-05	6.54427E-06 
3.1049633E-01	4.80086E-05	6.54985E-06 
3.107712E-01	4.14609E-05	6.54671E-06 
3.1104606E-01	4.86791E-05	6.54870E-06 
3.1132096E-01	3.08469E-05	6.52569E-06 
3.1159583E-01	3.89360E-05	6.53815E-06 
3.1187069E-01	4.42829E-05	6.54362E-06 
3.1214556E-01	5.54294E-05	6.55485E-06 
3.1242043E-01	4.83676E-05	6.54868E-06 
3.1269529E-01	3.75422E-05	6.52888E-06 
3.1297016E-01	3.55818E-05	6.52933E-06 
3.1324506E-01	6.16498E-05	6.56424E-06 
3.1351992E-01	5.90494E-05	6.56795E-06 
3.1379479E-01	4.82155E-05	6.55845E-06 
3.1406966E-01	4.65950E-05	6.54774E-06 
3.1434453E-01	5.09204E-05	6.56119E-06 
3.1461939E-01	4.84383E-05	6.57108E-06 
3.1489429E-01	4.22737E-05	6.56473E-06 
3.1516916E-01	3.12622E-05	6.54694E-06 
3.1544402E-01	3.72364E-05	6.54932E-06 
3.1571889E-01	6.07063E-05	6.58693E-06 
3.1599376E-01	4.97137E-05	6.55522E-06 
3.1626862E-01	4.18762E-05	6.54826E-06 
3.1654349E-01	4.64091E-05	6.55302E-06 
3.1681839E-01	4.43606E-05	6.55062E-06 
3.1709325E-01	4.47017E-05	6.54061E-06 
3.1736812E-01	4.86488E-05	6.55030E-06 
3.1764299E-01	4.96944E-05	6.54627E-06 
3.1791785E-01	4.87812E-05	6.54927E-06 
3.1819272E-01	4.49637E-05	6.54203E-06 
3.1846759E-01	5.06644E-05	6.55201E-06 
3.1874248E-01	4.06731E-05	6.54054E-06 
3.1901735E-01	4.67109E-05	6.53931E-06 
3.1929222E-01	4.76604E-05	6.53648E-06 
3.1956708E-01	4.41767E-05	6.53929E-06 
3.1984195E-01	4.66166E-05	6.53838E-06 
3.2011682E-01	5.97322E-05	6.55149E-06 
3.2039168E-01	5.01869E-05	6.53672E-06 
3.2066658E-01	3.16197E-05	6.51600E-06 
3.2094145E-01	3.35337E-05	6.52493E-06 
3.2121632E-01	4.26983E-05	6.53612E-06 
3.2149118E-01	4.52345E-05	6.54355E-06 
3.2176605E-01	5.05761E-05	6.55336E-06 
3.2204092E-01	5.12812E-05	6.53478E-06 
3.2231578E-01	5.03572E-05	6.53325E-06 
3.2259068E-01	4.43129E-05	6.51869E-06 
3.2286555E-01	4.22062E-05	6.52095E-06 
3.2314041E-01	3.14753E-05	6.51287E-06 
3.2341528E-01	4.13490E-05	6.52673E-06 
3.2369015E-01	4.75699E-05	6.52599E-06 
3.2396501E-01	4.57048E-05	6.52311E-06 
3.2423988E-01	4.85924E-05	6.53551E-06 
3.2451478E-01	4.07579E-05	6.52718E-06 
3.2478964E-01	4.01136E-05	6.52538E-06 
3.2506451E-01	4.21716E-05	6.52369E-06 
3.2533938E-01	3.63454E-05	6.50451E-06 
3.2561424E-01	4.87879E-05	6.53751E-06 
3.2588911E-01	4.27289E-05	6.51816E-06 
3.2616398E-01	4.27285E-05	6.52658E-06 
3.2643887E-01	2.99318E-05	6.51233E-06 
3.2671374E-01	3.26965E-05	6.50845E-06 
3.2698861E-01	4.27493E-05	6.52364E-06 
3.2726347E-01	4.88627E-05	6.54059E-06 
3.2753834E-01	3.34058E-05	6.51275E-06 
3.2781321E-01	3.30780E-05	6.51050E-06 
3.280881E-01	2.79101E-05	6.50591E-06 
3.2836297E-01	4.22663E-05	6.52747E-06 
3.2863784E-01	4.88539E-05	6.53542E-06 
3.2891271E-01	4.56482E-05	6.52524E-06 
3.2918757E-01	3.29264E-05	6.50597E-06 
3.2946244E-01	3.73609E-05	6.52098E-06 
3.2973731E-01	3.34935E-05	6.50995E-06 
3.300122E-01	4.47090E-05	6.53315E-06 
3.3028707E-01	4.68305E-05	6.52780E-06 
3.3056194E-01	4.35411E-05	6.52284E-06 
3.308368E-01	4.97386E-05	6.53606E-06 
3.3111167E-01	3.54199E-05	6.50620E-06 
3.3138654E-01	2.61202E-05	6.49908E-06 
3.316614E-01	4.23701E-05	6.52321E-06 
3.319363E-01	4.80470E-05	6.53039E-06 
3.3221117E-01	4.10681E-05	6.50818E-06 
3.3248603E-01	4.06632E-05	6.51351E-06 
3.327609E-01	3.51322E-05	6.49920E-06 
3.3303577E-01	5.03097E-05	6.52714E-06 
3.3331063E-01	4.51783E-05	6.51569E-06 
3.335855E-01	3.83215E-05	6.51261E-06 
3.338604E-01	4.63740E-05	6.53432E-06 
3.3413526E-01	3.63921E-05	6.51181E-06 
3.3441013E-01	4.34819E-05	6.52590E-06 
3.346850E-01	5.15710E-05	6.53077E-06 
3.3495986E-01	4.73173E-05	6.51494E-06 
3.3523473E-01	3.59011E-05	6.50385E-06 
3.355096E-01	3.81544E-05	6.51317E-06 
3.3578449E-01	4.12516E-05	6.52390E-06 
3.3605936E-01	4.35386E-05	6.52469E-06 
3.3633423E-01	3.89429E-05	6.51334E-06 
3.366091E-01	3.51239E-05	6.49990E-06 
3.3688396E-01	4.13410E-05	6.52036E-06 
3.3715883E-01	4.12051E-05	6.53058E-06 
3.374337E-01	5.48522E-05	6.65740E-06 
3.3770859E-01	3.56339E-05	6.78947E-06 
3.3798346E-01	3.44080E-05	6.88157E-06 
3.3825833E-01	4.49598E-05	6.97509E-06 
3.3853319E-01	5.11203E-05	7.05813E-06 
3.3880806E-01	4.63399E-05	7.10278E-06 
3.3908293E-01	4.55997E-05	7.16900E-06 
3.3935779E-01	3.87118E-05	7.21652E-06 
3.3963269E-01	3.32055E-05	7.24166E-06 
3.3990756E-01	4.95333E-05	7.34388E-06 
3.4018242E-01	4.18322E-05	7.37318E-06 
3.4045729E-01	5.06199E-05	7.45221E-06 
3.4073216E-01	4.75331E-05	7.49256E-06 
3.4100702E-01	5.21245E-05	7.54147E-06 
3.4128192E-01	4.63768E-05	7.57710E-06 
3.4155679E-01	4.23182E-05	7.61379E-06 
3.4183165E-01	3.28620E-05	7.63498E-06 
3.4210652E-01	4.10596E-05	7.54653E-06 
3.4238139E-01	3.66122E-05	7.35844E-06 
3.4265625E-01	5.47275E-05	7.30134E-06 
3.4293112E-01	3.93610E-05	7.20383E-06 
3.4320602E-01	2.84686E-05	7.15403E-06 
3.4348089E-01	4.64331E-05	7.14188E-06 
3.4375575E-01	4.54841E-05	7.09861E-06 
3.4403062E-01	3.93599E-05	7.04787E-06 
3.4430549E-01	3.69491E-05	6.99883E-06 
3.4458035E-01	4.88346E-05	6.99026E-06 
3.4485522E-01	5.05684E-05	6.98065E-06 
3.4513012E-01	5.82066E-05	6.96975E-06 
3.4540498E-01	4.76207E-05	6.92531E-06 
3.4567985E-01	3.45580E-05	6.88469E-06 
3.4595472E-01	4.63783E-05	6.87779E-06 
3.4622958E-01	2.69428E-05	6.81601E-06 
3.4650445E-01	3.83997E-05	6.81836E-06 
3.4677932E-01	3.97411E-05	6.80995E-06 
3.4705421E-01	4.47756E-05	6.79654E-06 
3.4732908E-01	4.82454E-05	6.77571E-06 
3.4760395E-01	5.15398E-05	6.76304E-06 
3.4787881E-01	4.86193E-05	6.75515E-06 
3.4815368E-01	4.84797E-05	6.74406E-06 
3.4842855E-01	3.80675E-05	6.70750E-06 
3.4870341E-01	4.49612E-05	6.70112E-06 
3.4897831E-01	4.96306E-05	6.73128E-06 
3.4925318E-01	3.35214E-05	6.70809E-06 
3.4952804E-01	3.88717E-05	6.71336E-06 
3.4980291E-01	4.59034E-05	6.72052E-06 
3.5007778E-01	2.86031E-05	6.67975E-06 
3.5035264E-01	3.50730E-05	6.69773E-06 
3.5062751E-01	4.61662E-05	6.70794E-06 
3.5090241E-01	3.13197E-05	6.67537E-06 
3.5117728E-01	3.44822E-05	6.69160E-06 
3.5145214E-01	3.58584E-05	6.69813E-06 
3.5172701E-01	3.49404E-05	6.69271E-06 
3.5200188E-01	4.04598E-05	6.69298E-06 
3.5227674E-01	3.45182E-05	6.67542E-06 
3.5255161E-01	2.94776E-05	6.66000E-06 
3.5282651E-01	3.87691E-05	6.67740E-06 
3.5310137E-01	4.35358E-05	6.69504E-06 
3.5337624E-01	3.46666E-05	6.66996E-06 
3.5365111E-01	3.63852E-05	6.67457E-06 
3.5392597E-01	5.39778E-05	6.69053E-06 
3.5420084E-01	4.16726E-05	6.66295E-06 
3.5447574E-01	3.89937E-05	6.64650E-06 
3.547506E-01	4.67468E-05	6.65795E-06 
3.5502547E-01	5.20111E-05	6.67740E-06 
3.5530034E-01	3.89445E-05	6.64886E-06 
3.555752E-01	4.17713E-05	6.64826E-06 
3.5585007E-01	3.36199E-05	6.64033E-06 
3.5612494E-01	2.66093E-05	6.63445E-06 
3.5639983E-01	3.45281E-05	6.64264E-06 
3.566747E-01	5.05455E-05	6.64015E-06 
3.5694957E-01	4.59933E-05	6.63370E-06 
3.5722443E-01	3.94515E-05	6.64157E-06 
3.574993E-01	3.78248E-05	6.63395E-06 
3.5777417E-01	5.13454E-05	6.65018E-06 
3.5804904E-01	4.70448E-05	6.63516E-06 
3.5832393E-01	3.38942E-05	6.61126E-06 
3.585988E-01	2.95293E-05	6.60387E-06 
3.5887367E-01	4.64554E-05	6.63378E-06 
3.5914853E-01	3.38982E-05	6.60220E-06 
3.594234E-01	2.94325E-05	6.60073E-06 
3.5969827E-01	3.27344E-05	6.59896E-06 
3.5997313E-01	3.81016E-05	6.60645E-06 
3.6024803E-01	3.76110E-05	6.59966E-06 
3.605229E-01	4.16138E-05	6.60335E-06 
3.6079776E-01	3.13424E-05	6.59031E-06 
3.6107263E-01	3.40415E-05	6.60250E-06 
3.613475E-01	4.32973E-05	6.61874E-06 
3.6162236E-01	2.81073E-05	6.58277E-06 
3.6189723E-01	3.95700E-05	6.61650E-06 
3.6217213E-01	2.96267E-05	6.60250E-06 
3.6244699E-01	3.32319E-05	6.62013E-06 
3.6272186E-01	4.68720E-05	6.63481E-06 
3.6299673E-01	4.80460E-05	6.64967E-06 
3.6327159E-01	4.30941E-05	6.65260E-06 
3.6354646E-01	4.53634E-05	6.65557E-06 
3.6382133E-01	4.24736E-05	6.64996E-06 
3.6409622E-01	3.07410E-05	6.64249E-06 
3.6437109E-01	3.35459E-05	6.65923E-06 
3.6464596E-01	3.71893E-05	6.67648E-06 
3.6492082E-01	5.34148E-05	6.70556E-06 
3.6519569E-01	3.62148E-05	6.67959E-06 
3.6547056E-01	3.69580E-05	6.70017E-06 
3.6574543E-01	3.52645E-05	6.70412E-06 
3.6602032E-01	2.58168E-05	6.70173E-06 
3.6629519E-01	3.06558E-05	6.70549E-06 
3.6657006E-01	3.95417E-05	6.72842E-06 
3.6684492E-01	3.84636E-05	6.74018E-06 
3.6711979E-01	3.44224E-05	6.73103E-06 
3.6739466E-01	4.09127E-05	6.75882E-06 
3.6766955E-01	3.82239E-05	6.76776E-06 
3.6794442E-01	3.49507E-05	6.76418E-06 
3.6821929E-01	3.59988E-05	6.76781E-06 
3.6849415E-01	4.29126E-05	6.79035E-06 
3.6876902E-01	3.47504E-05	6.77938E-06 
3.6904389E-01	3.91254E-05	6.81276E-06 
3.6931875E-01	4.50917E-05	6.82590E-06 
3.6959365E-01	3.77810E-05	6.82103E-06 
3.6986852E-01	2.64984E-05	6.81373E-06 
3.7014338E-01	4.26418E-05	6.85856E-06 
3.7041825E-01	3.81151E-05	6.85935E-06 
3.7069312E-01	2.93248E-05	6.85005E-06 
3.7096798E-01	3.41692E-05	6.87647E-06 
3.7124285E-01	3.24903E-05	6.88004E-06 
3.7151775E-01	2.92449E-05	6.89019E-06 
3.7179261E-01	1.32947E-05	6.86129E-06 
3.7206748E-01	3.04472E-05	6.89937E-06 
3.7234235E-01	2.62829E-05	6.90912E-06 
3.7261721E-01	3.79660E-05	6.92889E-06 
3.7289208E-01	4.19180E-05	6.95373E-06 
3.7316695E-01	3.64386E-05	6.95301E-06 
3.7344185E-01	3.33860E-05	6.95800E-06 
3.7371671E-01	3.76167E-05	6.97058E-06 
3.7399158E-01	4.51683E-05	7.00496E-06 
3.7426645E-01	3.08609E-05	6.98867E-06 
3.7454131E-01	3.83596E-05	7.00840E-06 
3.7481618E-01	4.67120E-05	7.02853E-06 
3.7509105E-01	2.98328E-05	7.01856E-06 
3.7536594E-01	4.23107E-05	7.05192E-06 
3.7564081E-01	5.49965E-05	7.07308E-06 
3.7591568E-01	4.90918E-05	7.07682E-06 
3.7619054E-01	5.01913E-05	7.10218E-06 
3.7646541E-01	3.54865E-05	7.08717E-06 
3.7674028E-01	3.42793E-05	7.10915E-06 
3.7701514E-01	2.63793E-05	7.09550E-06 
3.7729004E-01	2.90481E-05	7.11064E-06 
3.7756491E-01	2.83105E-05	7.12432E-06 
3.7783977E-01	3.25879E-05	7.14974E-06 
3.7811464E-01	3.39265E-05	7.16957E-06 
3.7838951E-01	2.58054E-05	7.16866E-06 
3.7866437E-01	2.76024E-05	7.17638E-06 
3.7893927E-01	3.57810E-05	7.18420E-06 
3.7921414E-01	4.87738E-05	7.18731E-06 
3.794890E-01	4.91016E-05	7.17421E-06 
3.7976387E-01	4.65224E-05	7.15507E-06 
3.8003874E-01	3.82799E-05	7.11157E-06 
3.8031361E-01	5.24182E-05	7.13231E-06 
3.8058847E-01	4.17339E-05	7.09994E-06 
3.8086337E-01	2.85222E-05	7.08032E-06 
3.8113824E-01	2.88148E-05	7.07644E-06 
3.814131E-01	3.49269E-05	7.11284E-06 
3.8168797E-01	3.33321E-05	7.11999E-06 
3.8196284E-01	3.77254E-05	7.14238E-06 
3.822377E-01	2.76475E-05	7.14265E-06 
3.8251257E-01	3.53428E-05	7.17535E-06 
3.8278747E-01	4.07015E-05	7.20371E-06 
3.8306233E-01	3.73646E-05	7.21523E-06 
3.833372E-01	3.14403E-05	7.21873E-06 
3.8361207E-01	3.27654E-05	7.24010E-06 
3.8388693E-01	2.67326E-05	7.24908E-06 
3.841618E-01	4.24513E-05	7.29890E-06 
3.8443667E-01	4.11593E-05	7.29600E-06 
3.8471156E-01	3.50378E-05	7.31464E-06 
3.8498643E-01	2.10284E-05	7.31015E-06 
3.852613E-01	1.73527E-05	7.32141E-06 
3.8553616E-01	3.00005E-05	7.36174E-06 
3.8581103E-01	2.97806E-05	7.37414E-06 
3.860859E-01	4.32179E-05	7.42750E-06 
3.8636076E-01	3.48818E-05	7.43147E-06 
3.8663566E-01	4.07903E-05	7.46768E-06 
3.8691053E-01	2.47755E-05	7.44751E-06 
3.8718539E-01	3.42535E-05	7.48440E-06 
3.8746026E-01	3.10830E-05	7.49095E-06 
3.8773513E-01	5.19906E-05	7.56368E-06 
3.880100E-01	4.23713E-05	7.56455E-06 
3.8828486E-01	2.29900E-05	7.55071E-06 
3.8855976E-01	3.67462E-05	7.58854E-06 
3.8883463E-01	4.50034E-05	7.63706E-06 
3.8910949E-01	3.22904E-05	7.63256E-06 
3.8938436E-01	3.91873E-05	7.67100E-06 
3.8965923E-01	4.26588E-05	7.71089E-06 
3.8993409E-01	3.19570E-05	7.71221E-06 
3.9020896E-01	1.78502E-05	7.70740E-06 
3.9048386E-01	3.46062E-05	7.76242E-06 
3.9075872E-01	3.41829E-05	7.79721E-06 
3.9103359E-01	4.42194E-05	7.84123E-06 
3.9130846E-01	4.19947E-05	7.85348E-06 
3.9158332E-01	2.51205E-05	7.84799E-06 
3.9185819E-01	4.57814E-05	7.92732E-06 
3.9213309E-01	4.49883E-05	7.92982E-06 
3.9240795E-01	3.89356E-05	7.95326E-06 
3.9268282E-01	3.68918E-05	7.98249E-06 
3.9295769E-01	3.47123E-05	8.00479E-06 
3.9323255E-01	3.58857E-05	8.06091E-06 
3.9350742E-01	3.00417E-05	8.07791E-06 
3.9378229E-01	1.81998E-05	8.08252E-06 
3.9405718E-01	2.87896E-05	8.15257E-06 
3.9433205E-01	2.89360E-05	8.17609E-06 
3.9460692E-01	3.59937E-05	8.21383E-06 
3.9488178E-01	2.83297E-05	8.23060E-06 
3.9515665E-01	4.21885E-05	8.30193E-06 
3.9543152E-01	3.51768E-05	8.35681E-06 
3.9570639E-01	2.79427E-05	8.64990E-06 
3.9598128E-01	3.52451E-05	9.13694E-06 
3.9625615E-01	4.86007E-05	9.47588E-06 
3.9653102E-01	4.71414E-05	9.74930E-06 
3.9680588E-01	4.97340E-05	1.00463E-05 
3.9708075E-01	2.95384E-05	1.02917E-05 
3.9735562E-01	1.94403E-05	1.05542E-05 
3.9763048E-01	4.49566E-05	1.09093E-05 
3.9790538E-01	4.84989E-05	1.12366E-05 
3.9818025E-01	4.15293E-05	1.15701E-05 
3.9845511E-01	3.17666E-05	1.18585E-05 
3.9872998E-01	2.40946E-05	1.22059E-05 
3.9900485E-01	3.49745E-05	1.26686E-05 
3.9927971E-01	3.59378E-05	1.31390E-05 
3.9955458E-01	2.46907E-05	1.35098E-05 
3.9982948E-01	5.48635E-05	1.41179E-05 
4.0010434E-01	3.33025E-05	1.46480E-05 
4.0037921E-01	6.05024E-05	1.41816E-05 
4.0065408E-01	4.46257E-05	1.30955E-05 
4.0092894E-01	4.80451E-05	1.28219E-05 
4.0120381E-01	3.58112E-05	1.25603E-05 
4.0147868E-01	5.99982E-05	1.24372E-05 
4.0175357E-01	3.21329E-05	1.22541E-05 
4.0202844E-01	4.69896E-05	1.23162E-05 
4.0230331E-01	3.57981E-05	1.22641E-05 
4.0257818E-01	5.01201E-05	1.23831E-05 
4.0285304E-01	2.81443E-05	1.24048E-05 
4.0312791E-01	3.14246E-05	1.25051E-05 
4.0340278E-01	5.62238E-05	1.27245E-05 
4.0367767E-01	4.53027E-05	1.26816E-05 
4.0395254E-01	3.59727E-05	1.24421E-05 
4.0422741E-01	1.94481E-05	1.21825E-05 
4.0450227E-01	6.08533E-06	1.19566E-05 
4.0477714E-01	2.76766E-05	1.18198E-05 
4.0505201E-01	3.34166E-05	1.16332E-05 
4.053269E-01	4.14870E-05	1.14913E-05 
4.0560177E-01	3.82793E-05	1.14484E-05 
4.0587664E-01	4.93967E-05	1.16230E-05 
4.061515E-01	2.57722E-05	1.17781E-05 
4.0642637E-01	4.94170E-05	1.21253E-05 
4.0670124E-01	4.02057E-05	1.23984E-05 
4.069761E-01	3.55131E-05	1.27525E-05 
4.072510E-01	1.78071E-05	1.30278E-05 
4.0752587E-01	6.17531E-05	1.36647E-05 
