REMARK 265 
REMARK 265 EXPERIMENT TYPE : X-RAY SOLUTION SCATTERING
REMARK 265 DATA ACQUISITION
REMARK 265              RADIATION SOURCE : BENDING MAGNET 
REMARK 265             SYNCHROTRON (Y/N) : Y 
REMARK 265                      BEAMLINE : B21 DIAMOND LIGHT SOURCE 
REMARK 265
REMARK 265       DATA REDUCTION SOFTWARE : SCATTER (v3.0a)
REMARK 265               SOFTWARE AUTHOR : RP RAMBO
REMARK 265        DATA ANALYSIS SOFTWARE : SCATTER (v3.0a)
REMARK 265               SOFTWARE AUTHOR : RP RAMBO
REMARK 265
REMARK 265 EXPERIMENTAL INFO
REMARK 265  INFORMATION CAN BE ADDED BY DUPLICATING THE NOTE LINE BELOW
REMARK 265
REMARK 265  NOTE :  
REMARK 265
REMARK 265 EXPERIMENTAL DETAILS
REMARK 265 BUFFER COMPOSITION 
REMARK 265          TEMPERATURE (KELVIN) : 298
REMARK 265                            PH : X.X
REMARK 265                 SAMPLE BUFFER : XXX mM HEPES
REMARK 265                 SAMPLE BUFFER : XXX mM KCl
REMARK 265                 SAMPLE BUFFER : X mM TCEP
REMARK 265                 SAMPLE BUFFER : X mM KNitrate
REMARK 265
REMARK 265    COLUMNS : q, I(q), error
REMARK 265          q : defined in inverse Angstroms
4.0149828E-03	3.09769E-02	5.38515E-04 
4.2898539E-03	2.94894E-02	4.46144E-04 
4.5647249E-03	2.94186E-02	3.73863E-04 
4.8395963E-03	2.88229E-02	3.21205E-04 
5.1144673E-03	2.88691E-02	2.83000E-04 
5.3893384E-03	2.86698E-02	2.52943E-04 
5.6642098E-03	2.85615E-02	2.27487E-04 
5.9390808E-03	2.82902E-02	2.04928E-04 
6.2139519E-03	2.81977E-02	1.87630E-04 
6.4888233E-03	2.79538E-02	1.76311E-04 
6.7636943E-03	2.79088E-02	1.65749E-04 
7.0385658E-03	2.75781E-02	1.55747E-04 
7.3134368E-03	2.74727E-02	1.48449E-04 
7.5883078E-03	2.75564E-02	1.41325E-04 
7.8631788E-03	2.72553E-02	1.35389E-04 
8.1380503E-03	2.74183E-02	1.30032E-04 
8.4129218E-03	2.75705E-02	1.25867E-04 
8.6877923E-03	2.72925E-02	1.20889E-04 
8.9626638E-03	2.70757E-02	1.17230E-04 
9.2375353E-03	2.70678E-02	1.14401E-04 
9.5124058E-03	2.71285E-02	1.11037E-04 
9.7872773E-03	2.69659E-02	1.08524E-04 
1.0062149E-02	2.69847E-02	1.05753E-04 
1.0337019E-02	2.69274E-02	1.03337E-04 
1.0611891E-02	2.70500E-02	1.01438E-04 
1.0886762E-02	2.68866E-02	9.93333E-05 
1.1161633E-02	2.68904E-02	9.80028E-05 
1.1436504E-02	2.68802E-02	9.62176E-05 
1.1711376E-02	2.67108E-02	9.47628E-05 
1.1986246E-02	2.67926E-02	9.36390E-05 
1.2261118E-02	2.67256E-02	9.22250E-05 
1.2535989E-02	2.66049E-02	9.08927E-05 
1.281086E-02	2.66009E-02	8.96452E-05 
1.3085731E-02	2.65180E-02	8.86836E-05 
1.3360603E-02	2.63858E-02	8.70091E-05 
1.3635473E-02	2.64188E-02	8.60695E-05 
1.3910345E-02	2.61635E-02	8.49638E-05 
1.4185216E-02	2.61933E-02	8.41193E-05 
1.4460087E-02	2.60788E-02	8.30938E-05 
1.4734958E-02	2.59175E-02	8.19219E-05 
1.500983E-02	2.58537E-02	8.10659E-05 
1.528470E-02	2.59235E-02	8.03509E-05 
1.5559572E-02	2.57495E-02	7.94604E-05 
1.5834443E-02	2.55718E-02	7.86076E-05 
1.6109314E-02	2.55073E-02	7.77420E-05 
1.6384186E-02	2.53792E-02	7.69107E-05 
1.6659057E-02	2.53577E-02	7.60567E-05 
1.6933927E-02	2.52450E-02	7.52967E-05 
1.720880E-02	2.51035E-02	7.46800E-05 
1.748367E-02	2.51046E-02	7.40688E-05 
1.7758541E-02	2.50444E-02	7.33574E-05 
1.8033413E-02	2.47760E-02	7.24145E-05 
1.8308284E-02	2.47748E-02	7.18946E-05 
1.8583154E-02	2.47449E-02	7.13325E-05 
1.8858027E-02	2.46750E-02	7.06259E-05 
1.9132897E-02	2.44860E-02	6.99201E-05 
1.9407768E-02	2.44257E-02	6.91632E-05 
1.968264E-02	2.42981E-02	6.84982E-05 
1.9957511E-02	2.42520E-02	6.81300E-05 
2.0232381E-02	2.42460E-02	6.75460E-05 
2.0507254E-02	2.39900E-02	6.68601E-05 
2.0782124E-02	2.39428E-02	6.62871E-05 
2.1056995E-02	2.37562E-02	6.57632E-05 
2.1331867E-02	2.36106E-02	6.50643E-05 
2.1606738E-02	2.35952E-02	6.45000E-05 
2.1881608E-02	2.35665E-02	6.41297E-05 
2.2156481E-02	2.34334E-02	6.34227E-05 
2.2431351E-02	2.33388E-02	6.31160E-05 
2.2706222E-02	2.32520E-02	6.25818E-05 
2.2981094E-02	2.30570E-02	6.19285E-05 
2.3255965E-02	2.30220E-02	6.15832E-05 
2.3530835E-02	2.29161E-02	6.11182E-05 
2.3805708E-02	2.27456E-02	6.06375E-05 
2.4080578E-02	2.26223E-02	6.01145E-05 
2.4355449E-02	2.24442E-02	5.95560E-05 
2.4630321E-02	2.24550E-02	5.93024E-05 
2.4905192E-02	2.22744E-02	5.87244E-05 
2.5180062E-02	2.20992E-02	5.82913E-05 
2.5454935E-02	2.20127E-02	5.77872E-05 
2.5729805E-02	2.18927E-02	5.74134E-05 
2.6004676E-02	2.17133E-02	5.68268E-05 
2.6279548E-02	2.16937E-02	5.64593E-05 
2.6554419E-02	2.16375E-02	5.61428E-05 
2.6829289E-02	2.14909E-02	5.55880E-05 
2.7104162E-02	2.14858E-02	5.54312E-05 
2.7379032E-02	2.13101E-02	5.48481E-05 
2.7653903E-02	2.12310E-02	5.45412E-05 
2.7928775E-02	2.10786E-02	5.40737E-05 
2.8203646E-02	2.09233E-02	5.36242E-05 
2.8478516E-02	2.08206E-02	5.33369E-05 
2.8753389E-02	2.07350E-02	5.29243E-05 
2.9028259E-02	2.05913E-02	5.25104E-05 
2.930313E-02	2.05313E-02	5.21891E-05 
2.9578002E-02	2.03686E-02	5.17910E-05 
2.9852873E-02	2.02119E-02	5.14318E-05 
3.0127743E-02	2.00584E-02	5.09389E-05 
3.0402616E-02	1.99743E-02	5.07056E-05 
3.0677486E-02	1.98352E-02	5.02898E-05 
3.0952357E-02	1.96787E-02	4.99278E-05 
3.1227229E-02	1.96511E-02	4.96722E-05 
3.1502098E-02	1.95791E-02	4.93365E-05 
3.1776972E-02	1.95139E-02	4.90360E-05 
3.2051843E-02	1.93933E-02	4.86643E-05 
3.2326713E-02	1.92427E-02	4.83406E-05 
3.2601584E-02	1.90566E-02	4.79504E-05 
3.2876454E-02	1.89683E-02	4.76599E-05 
3.3151325E-02	1.88100E-02	4.72902E-05 
3.3426199E-02	1.87052E-02	4.68828E-05 
3.370107E-02	1.86343E-02	4.66526E-05 
3.397594E-02	1.85696E-02	4.64115E-05 
3.4250811E-02	1.84435E-02	4.60494E-05 
3.4525681E-02	1.83842E-02	4.58257E-05 
3.4800552E-02	1.82063E-02	4.53848E-05 
3.5075426E-02	1.80707E-02	4.50683E-05 
3.5350297E-02	1.79722E-02	4.47254E-05 
3.5625167E-02	1.78662E-02	4.44800E-05 
3.5900038E-02	1.77121E-02	4.41119E-05 
3.6174908E-02	1.75895E-02	4.37722E-05 
3.6449779E-02	1.74794E-02	4.35021E-05 
3.6724653E-02	1.73734E-02	4.31724E-05 
3.6999524E-02	1.73025E-02	4.29567E-05 
3.7274394E-02	1.71630E-02	4.26107E-05 
3.7549265E-02	1.70423E-02	4.23318E-05 
3.7824135E-02	1.69612E-02	4.20942E-05 
3.8099006E-02	1.67539E-02	4.16467E-05 
3.837388E-02	1.66160E-02	4.13761E-05 
3.8648751E-02	1.65893E-02	4.11457E-05 
3.8923621E-02	1.65244E-02	4.09215E-05 
3.9198492E-02	1.64063E-02	4.06594E-05 
3.9473362E-02	1.62402E-02	4.03190E-05 
3.9748233E-02	1.61572E-02	4.00868E-05 
4.0023107E-02	1.61073E-02	3.98426E-05 
4.0297978E-02	1.59551E-02	3.95307E-05 
4.0572848E-02	1.58303E-02	3.92390E-05 
4.0847719E-02	1.57004E-02	3.89665E-05 
4.1122589E-02	1.56204E-02	3.87132E-05 
4.139746E-02	1.55734E-02	3.84534E-05 
4.1672334E-02	1.53959E-02	3.81384E-05 
4.1947205E-02	1.53204E-02	3.78817E-05 
4.2222075E-02	1.51741E-02	3.76157E-05 
4.2496946E-02	1.50919E-02	3.74210E-05 
4.2771816E-02	1.49138E-02	3.70413E-05 
4.3046687E-02	1.48305E-02	3.68777E-05 
4.3321561E-02	1.47777E-02	3.66411E-05 
4.3596432E-02	1.46081E-02	3.63533E-05 
4.3871302E-02	1.45198E-02	3.61505E-05 
4.4146173E-02	1.44383E-02	3.59021E-05 
4.4421043E-02	1.43541E-02	3.56922E-05 
4.4695914E-02	1.42646E-02	3.54597E-05 
4.4970788E-02	1.41274E-02	3.52473E-05 
4.5245659E-02	1.40492E-02	3.50311E-05 
4.5520529E-02	1.39354E-02	3.47791E-05 
4.579540E-02	1.38942E-02	3.46946E-05 
4.607027E-02	1.37809E-02	3.51187E-05 
4.6345141E-02	1.36637E-02	3.60513E-05 
4.6620015E-02	1.35662E-02	3.64581E-05 
4.6894886E-02	1.34155E-02	3.67811E-05 
4.7169756E-02	1.33475E-02	3.70134E-05 
4.7444627E-02	1.32613E-02	3.72066E-05 
4.7719497E-02	1.30609E-02	3.72474E-05 
4.7994372E-02	1.29901E-02	3.73657E-05 
4.8269242E-02	1.29611E-02	3.76144E-05 
4.8544113E-02	1.28295E-02	3.76110E-05 
4.8818983E-02	1.26955E-02	3.76914E-05 
4.9093854E-02	1.25266E-02	3.77411E-05 
4.9368724E-02	1.24464E-02	3.77743E-05 
4.9643598E-02	1.24086E-02	3.79101E-05 
4.9918469E-02	1.23469E-02	3.79536E-05 
5.019334E-02	1.22562E-02	3.80080E-05 
5.046821E-02	1.21635E-02	3.80659E-05 
5.0743081E-02	1.21050E-02	3.69956E-05 
5.1017951E-02	1.20523E-02	3.57170E-05 
5.1292825E-02	1.18766E-02	3.48111E-05 
5.1567696E-02	1.18385E-02	3.42920E-05 
5.1842567E-02	1.16759E-02	3.37504E-05 
5.2117437E-02	1.15565E-02	3.32943E-05 
5.2392308E-02	1.15043E-02	3.30248E-05 
5.2667178E-02	1.14215E-02	3.26773E-05 
5.2942052E-02	1.13022E-02	3.23242E-05 
5.3216923E-02	1.12250E-02	3.19944E-05 
5.3491794E-02	1.11327E-02	3.17075E-05 
5.3766664E-02	1.09716E-02	3.13519E-05 
5.4041535E-02	1.08900E-02	3.10433E-05 
5.4316405E-02	1.08490E-02	3.08804E-05 
5.4591279E-02	1.07540E-02	3.06322E-05 
5.486615E-02	1.06199E-02	3.03255E-05 
5.5141021E-02	1.05250E-02	3.00754E-05 
5.5415891E-02	1.04902E-02	2.99119E-05 
5.5690762E-02	1.04264E-02	2.97085E-05 
5.5965632E-02	1.03444E-02	2.94776E-05 
5.6240506E-02	1.02695E-02	2.93204E-05 
5.6515377E-02	1.01579E-02	2.90604E-05 
5.6790248E-02	1.01127E-02	2.89243E-05 
5.7065118E-02	9.93555E-03	2.86160E-05 
5.7339989E-02	9.86895E-03	2.84490E-05 
5.7614859E-02	9.75633E-03	2.82254E-05 
5.7889733E-02	9.67850E-03	2.80451E-05 
5.8164604E-02	9.59754E-03	2.78560E-05 
5.8439475E-02	9.51353E-03	2.77031E-05 
5.8714345E-02	9.49950E-03	2.75848E-05 
5.8989216E-02	9.32528E-03	2.73159E-05 
5.9264086E-02	9.28007E-03	2.71896E-05 
5.953896E-02	9.20979E-03	2.70117E-05 
5.9813831E-02	9.11975E-03	2.68547E-05 
6.0088702E-02	9.03992E-03	2.66721E-05 
6.0363572E-02	8.97420E-03	2.65513E-05 
6.0638443E-02	8.90351E-03	2.64140E-05 
6.0913313E-02	8.80685E-03	2.62199E-05 
6.1188187E-02	8.73827E-03	2.60399E-05 
6.1463058E-02	8.63945E-03	2.58921E-05 
6.1737929E-02	8.55150E-03	2.56837E-05 
6.2012799E-02	8.51787E-03	2.55479E-05 
6.228767E-02	8.43702E-03	2.54228E-05 
6.256254E-02	8.34354E-03	2.52496E-05 
6.2837414E-02	8.23994E-03	2.50786E-05 
6.3112281E-02	8.18585E-03	2.49314E-05 
6.3387156E-02	8.06306E-03	2.47339E-05 
6.366203E-02	8.02709E-03	2.46537E-05 
6.3936897E-02	7.92522E-03	2.44575E-05 
6.4211771E-02	7.83683E-03	2.42800E-05 
6.4486638E-02	7.81842E-03	2.42004E-05 
6.4761512E-02	7.73510E-03	2.40392E-05 
6.5036379E-02	7.66200E-03	2.38851E-05 
6.5311253E-02	7.55615E-03	2.37077E-05 
6.5586127E-02	7.53551E-03	2.36523E-05 
6.5860994E-02	7.43769E-03	2.34477E-05 
6.6135868E-02	7.37143E-03	2.33339E-05 
6.6410735E-02	7.29166E-03	2.32047E-05 
6.668561E-02	7.20615E-03	2.30190E-05 
6.6960484E-02	7.17967E-03	2.29365E-05 
6.7235351E-02	7.09351E-03	2.27833E-05 
6.7510225E-02	6.98543E-03	2.25994E-05 
6.7785092E-02	6.95494E-03	2.25044E-05 
6.8059966E-02	6.93777E-03	2.24519E-05 
6.8334833E-02	6.82314E-03	2.22730E-05 
6.8609707E-02	6.73157E-03	2.21149E-05 
6.8884581E-02	6.72230E-03	2.20467E-05 
6.9159448E-02	6.61259E-03	2.18442E-05 
6.9434322E-02	6.58551E-03	2.18175E-05 
6.9709189E-02	6.50441E-03	2.17412E-05 
6.9984064E-02	6.45874E-03	2.17685E-05 
7.0258938E-02	6.42111E-03	2.17914E-05 
7.0533805E-02	6.35347E-03	2.17803E-05 
7.0808679E-02	6.29715E-03	2.17665E-05 
7.1083546E-02	6.24982E-03	2.17765E-05 
7.135842E-02	6.11838E-03	2.16355E-05 
7.1633287E-02	6.01948E-03	2.15093E-05 
7.1908161E-02	6.02818E-03	2.14658E-05 
7.2183035E-02	5.91446E-03	2.12660E-05 
7.2457902E-02	5.85550E-03	2.11119E-05 
7.2732776E-02	5.83917E-03	2.10336E-05 
7.3007643E-02	5.77308E-03	2.08841E-05 
7.3282517E-02	5.68555E-03	2.06944E-05 
7.3557392E-02	5.67433E-03	2.06448E-05 
7.3832259E-02	5.59898E-03	2.04692E-05 
7.4107133E-02	5.53890E-03	2.03692E-05 
7.438200E-02	5.47407E-03	2.02313E-05 
7.4656874E-02	5.42661E-03	2.01134E-05 
7.4931741E-02	5.34168E-03	1.99647E-05 
7.5206615E-02	5.31204E-03	1.98670E-05 
7.5481489E-02	5.25447E-03	1.97403E-05 
7.5756356E-02	5.19003E-03	1.96157E-05 
7.603123E-02	5.12927E-03	1.94925E-05 
7.6306097E-02	5.08193E-03	1.93746E-05 
7.6580971E-02	5.07017E-03	1.92965E-05 
7.6855846E-02	5.02003E-03	1.91988E-05 
7.7130713E-02	4.97449E-03	1.91181E-05 
7.7405587E-02	4.83985E-03	1.89099E-05 
7.7680454E-02	4.83917E-03	1.88414E-05 
7.7955328E-02	4.80696E-03	1.87436E-05 
7.8230195E-02	4.74908E-03	1.86598E-05 
7.8505069E-02	4.70024E-03	1.85305E-05 
7.8779943E-02	4.64224E-03	1.84262E-05 
7.905481E-02	4.55978E-03	1.82860E-05 
7.9329684E-02	4.51981E-03	1.81874E-05 
7.9604551E-02	4.48154E-03	1.80929E-05 
7.9879425E-02	4.43403E-03	1.79929E-05 
8.015430E-02	4.35984E-03	1.78764E-05 
8.0429167E-02	4.30930E-03	1.77652E-05 
8.0704041E-02	4.30215E-03	1.77122E-05 
8.0978908E-02	4.23384E-03	1.75962E-05 
8.1253782E-02	4.18636E-03	1.74659E-05 
8.1528649E-02	4.12928E-03	1.73181E-05 
8.1803523E-02	4.09788E-03	1.72232E-05 
8.2078397E-02	4.01256E-03	1.69873E-05 
8.2353264E-02	4.02663E-03	1.69228E-05 
8.2628138E-02	3.97854E-03	1.67774E-05 
8.2903005E-02	3.94160E-03	1.66968E-05 
8.3177879E-02	3.86693E-03	1.65423E-05 
8.3452754E-02	3.82065E-03	1.64634E-05 
8.3727621E-02	3.78096E-03	1.63721E-05 
8.4002495E-02	3.73601E-03	1.62976E-05 
8.4277362E-02	3.70880E-03	1.62688E-05 
8.4552236E-02	3.66280E-03	1.62163E-05 
8.4827103E-02	3.62774E-03	1.62197E-05 
8.5101977E-02	3.55437E-03	1.61306E-05 
8.5376851E-02	3.51170E-03	1.60682E-05 
8.5651718E-02	3.47893E-03	1.60291E-05 
8.5926592E-02	3.47774E-03	1.59817E-05 
8.6201459E-02	3.44098E-03	1.58814E-05 
8.6476333E-02	3.40109E-03	1.58106E-05 
8.6751208E-02	3.34226E-03	1.57477E-05 
8.7026075E-02	3.28336E-03	1.56093E-05 
8.7300949E-02	3.25539E-03	1.55381E-05 
8.7575816E-02	3.20441E-03	1.54448E-05 
8.785069E-02	3.20106E-03	1.53930E-05 
8.8125557E-02	3.16266E-03	1.53208E-05 
8.8400431E-02	3.13857E-03	1.52982E-05 
8.8675305E-02	3.07322E-03	1.51559E-05 
8.8950172E-02	3.04293E-03	1.50539E-05 
8.9225046E-02	3.03886E-03	1.50031E-05 
8.9499913E-02	2.98468E-03	1.49068E-05 
8.9774787E-02	2.93745E-03	1.48170E-05 
9.0049662E-02	2.90312E-03	1.47710E-05 
9.0324529E-02	2.86355E-03	1.46708E-05 
9.0599403E-02	2.82201E-03	1.45866E-05 
9.087427E-02	2.77419E-03	1.45089E-05 
9.1149144E-02	2.76733E-03	1.44643E-05 
9.1424011E-02	2.73811E-03	1.44190E-05 
9.1698885E-02	2.70853E-03	1.43325E-05 
9.1973759E-02	2.67886E-03	1.42665E-05 
9.2248626E-02	2.63965E-03	1.42076E-05 
9.252350E-02	2.58628E-03	1.41079E-05 
9.2798367E-02	2.55476E-03	1.40521E-05 
9.3073241E-02	2.55252E-03	1.40037E-05 
9.3348116E-02	2.52965E-03	1.39422E-05 
9.3622983E-02	2.48652E-03	1.38737E-05 
9.3897857E-02	2.42785E-03	1.38658E-05 
9.4172724E-02	2.41743E-03	1.38008E-05 
9.4447598E-02	2.40176E-03	1.36931E-05 
9.4722465E-02	2.36578E-03	1.36176E-05 
9.4997339E-02	2.37463E-03	1.36200E-05 
9.5272213E-02	2.31526E-03	1.35240E-05 
9.554708E-02	2.28570E-03	1.34847E-05 
9.5821954E-02	2.25618E-03	1.34226E-05 
9.6096821E-02	2.22821E-03	1.33457E-05 
9.6371695E-02	2.20017E-03	1.32949E-05 
9.664657E-02	2.16950E-03	1.32396E-05 
9.6921436E-02	2.13724E-03	1.31951E-05 
9.7196311E-02	2.12976E-03	1.31772E-05 
9.7471178E-02	2.11936E-03	1.31442E-05 
9.7746052E-02	2.09772E-03	1.30856E-05 
9.8020919E-02	2.05729E-03	1.30397E-05 
9.8295793E-02	2.02937E-03	1.29898E-05 
9.8570667E-02	1.99452E-03	1.29207E-05 
9.8845534E-02	1.99728E-03	1.29165E-05 
9.9120408E-02	1.95820E-03	1.28315E-05 
9.9395275E-02	1.93278E-03	1.27945E-05 
9.9670149E-02	1.90437E-03	1.27244E-05 
9.9945024E-02	1.89631E-03	1.26943E-05 
1.0021989E-01	1.86595E-03	1.26319E-05 
1.0049476E-01	1.84498E-03	1.25867E-05 
1.0076963E-01	1.80214E-03	1.25453E-05 
1.0104451E-01	1.80338E-03	1.25325E-05 
1.0131937E-01	1.76718E-03	1.24833E-05 
1.0159425E-01	1.75072E-03	1.24785E-05 
1.0186912E-01	1.73310E-03	1.24212E-05 
1.0214399E-01	1.72941E-03	1.24315E-05 
1.0241886E-01	1.68555E-03	1.23498E-05 
1.0269373E-01	1.65530E-03	1.23097E-05 
1.029686E-01	1.66143E-03	1.22974E-05 
1.0324348E-01	1.63666E-03	1.22505E-05 
1.0351834E-01	1.62915E-03	1.22142E-05 
1.0379322E-01	1.62434E-03	1.21996E-05 
1.0406809E-01	1.59704E-03	1.21817E-05 
1.0434296E-01	1.57065E-03	1.23135E-05 
1.0461783E-01	1.56392E-03	1.25615E-05 
1.048927E-01	1.54530E-03	1.27022E-05 
1.0516758E-01	1.51988E-03	1.27946E-05 
1.0544244E-01	1.50620E-03	1.28457E-05 
1.0571732E-01	1.48405E-03	1.28686E-05 
1.0599218E-01	1.48552E-03	1.29455E-05 
1.0626706E-01	1.42300E-03	1.28775E-05 
1.0654193E-01	1.42065E-03	1.29484E-05 
1.068168E-01	1.41576E-03	1.29899E-05 
1.0709167E-01	1.40321E-03	1.29813E-05 
1.0736654E-01	1.37920E-03	1.30069E-05 
1.0764141E-01	1.36504E-03	1.29703E-05 
1.0791628E-01	1.32869E-03	1.28897E-05 
1.0819115E-01	1.33916E-03	1.29125E-05 
1.0846603E-01	1.30222E-03	1.28537E-05 
1.087409E-01	1.29741E-03	1.29040E-05 
1.0901577E-01	1.30879E-03	1.27924E-05 
1.0929064E-01	1.26546E-03	1.24363E-05 
1.0956551E-01	1.24903E-03	1.22774E-05 
1.0984039E-01	1.25266E-03	1.21690E-05 
1.1011525E-01	1.24321E-03	1.21457E-05 
1.1039013E-01	1.20161E-03	1.18643E-05 
1.1066499E-01	1.21798E-03	1.17890E-05 
1.1093987E-01	1.19667E-03	1.16734E-05 
1.1121473E-01	1.17524E-03	1.15903E-05 
1.1148961E-01	1.17838E-03	1.15501E-05 
1.1176448E-01	1.13814E-03	1.14152E-05 
1.1203935E-01	1.13908E-03	1.14134E-05 
1.1231422E-01	1.12825E-03	1.13431E-05 
1.1258909E-01	1.10021E-03	1.12738E-05 
1.1286397E-01	1.08099E-03	1.12070E-05 
1.1313884E-01	1.08227E-03	1.11763E-05 
1.1341371E-01	1.09864E-03	1.11654E-05 
1.1368858E-01	1.08060E-03	1.11023E-05 
1.1396345E-01	1.07740E-03	1.10736E-05 
1.1423832E-01	1.04656E-03	1.10014E-05 
1.145132E-01	1.03790E-03	1.09492E-05 
1.1478806E-01	1.04674E-03	1.09359E-05 
1.1506294E-01	1.00780E-03	1.08619E-05 
1.153378E-01	1.00160E-03	1.08248E-05 
1.1561268E-01	1.00835E-03	1.07912E-05 
1.1588755E-01	9.82433E-04	1.07367E-05 
1.1616242E-01	9.68204E-04	1.06729E-05 
1.1643729E-01	9.60184E-04	1.06538E-05 
1.1671216E-01	9.32532E-04	1.05907E-05 
1.1698703E-01	9.51215E-04	1.05817E-05 
1.172619E-01	9.40548E-04	1.05444E-05 
1.1753678E-01	9.27531E-04	1.04906E-05 
1.1781165E-01	9.29017E-04	1.04858E-05 
1.1808652E-01	9.17074E-04	1.04480E-05 
1.1836139E-01	9.14355E-04	1.04162E-05 
1.1863626E-01	8.90640E-04	1.03691E-05 
1.1891113E-01	8.89073E-04	1.03428E-05 
1.191860E-01	8.96965E-04	1.03330E-05 
1.1946087E-01	8.70964E-04	1.02718E-05 
1.1973575E-01	8.53689E-04	1.02211E-05 
1.2001061E-01	8.33840E-04	1.01908E-05 
1.2028549E-01	8.41369E-04	1.01788E-05 
1.2056036E-01	8.19961E-04	1.01327E-05 
1.2083523E-01	8.10482E-04	1.00999E-05 
1.211101E-01	8.08572E-04	1.00644E-05 
1.2138497E-01	8.27225E-04	1.00846E-05 
1.2165985E-01	8.01435E-04	1.00162E-05 
1.2193471E-01	8.06170E-04	1.00057E-05 
1.2220959E-01	7.93990E-04	9.96912E-06 
1.2248445E-01	7.87871E-04	9.94738E-06 
1.2275933E-01	7.72442E-04	9.90566E-06 
1.230342E-01	7.81200E-04	9.90230E-06 
1.2330907E-01	7.70061E-04	9.86759E-06 
1.2358394E-01	7.53867E-04	9.83008E-06 
1.2385881E-01	7.35318E-04	9.78134E-06 
1.2413368E-01	7.37647E-04	9.74683E-06 
1.2440856E-01	7.49511E-04	9.73314E-06 
1.2468342E-01	7.47948E-04	9.68530E-06 
1.249583E-01	7.47279E-04	9.65033E-06 
1.2523317E-01	7.18660E-04	9.59344E-06 
1.2550804E-01	7.23067E-04	9.59283E-06 
1.2578291E-01	7.21409E-04	9.56765E-06 
1.2605779E-01	7.06361E-04	9.53310E-06 
1.2633266E-01	7.04682E-04	9.52501E-06 
1.2660752E-01	6.87313E-04	9.48666E-06 
1.2688239E-01	6.80715E-04	9.45313E-06 
1.2715727E-01	6.83660E-04	9.44948E-06 
1.2743214E-01	6.94302E-04	9.45721E-06 
1.277070E-01	6.80496E-04	9.41329E-06 
1.2798189E-01	6.78330E-04	9.41902E-06 
1.2825675E-01	6.71194E-04	9.40077E-06 
1.2853162E-01	6.65754E-04	9.39848E-06 
1.2880649E-01	6.60186E-04	9.39280E-06 
1.2908137E-01	6.38832E-04	9.35641E-06 
1.2935624E-01	6.46161E-04	9.36273E-06 
1.296311E-01	6.40357E-04	9.32269E-06 
1.2990598E-01	6.40267E-04	9.32655E-06 
1.3018085E-01	6.35488E-04	9.29737E-06 
1.3045572E-01	6.31234E-04	9.28842E-06 
1.3073058E-01	6.21811E-04	9.26129E-06 
1.3100547E-01	6.05643E-04	9.21074E-06 
1.3128033E-01	6.05829E-04	9.21295E-06 
1.315552E-01	6.01767E-04	9.18327E-06 
1.3183008E-01	6.12351E-04	9.20910E-06 
1.3210495E-01	6.14306E-04	9.18965E-06 
1.3237981E-01	6.07123E-04	9.16806E-06 
1.326547E-01	6.04828E-04	9.14794E-06 
1.3292956E-01	6.03565E-04	9.12464E-06 
1.3320443E-01	5.98899E-04	9.10946E-06 
1.334793E-01	5.91357E-04	9.09295E-06 
1.3375418E-01	5.92631E-04	9.09052E-06 
1.3402905E-01	5.62475E-04	9.02331E-06 
1.3430391E-01	5.86919E-04	9.04746E-06 
1.3457879E-01	5.62649E-04	9.00533E-06 
1.3485366E-01	5.58706E-04	9.00732E-06 
1.3512853E-01	5.77344E-04	9.02048E-06 
1.3540339E-01	5.72160E-04	8.99089E-06 
1.3567828E-01	5.60358E-04	8.95746E-06 
1.3595314E-01	5.70399E-04	8.97171E-06 
1.3622801E-01	5.69986E-04	9.02462E-06 
1.3650289E-01	5.54544E-04	8.97024E-06 
1.3677776E-01	5.26429E-04	8.86191E-06 
1.3705263E-01	5.46173E-04	8.88372E-06 
1.3732749E-01	5.22346E-04	8.83246E-06 
1.3760237E-01	5.20996E-04	8.81245E-06 
1.3787724E-01	5.36992E-04	8.83542E-06 
1.3815211E-01	5.30286E-04	8.79544E-06 
1.3842699E-01	5.35669E-04	8.79269E-06 
1.3870186E-01	5.23872E-04	8.75588E-06 
1.3897672E-01	5.40249E-04	8.77439E-06 
1.392516E-01	5.32443E-04	8.74948E-06 
1.3952647E-01	5.13293E-04	8.68786E-06 
1.3980134E-01	5.23103E-04	8.70952E-06 
1.4007621E-01	5.12959E-04	8.67842E-06 
1.4035109E-01	5.12234E-04	8.66782E-06 
1.4062595E-01	5.10244E-04	8.65942E-06 
1.4090082E-01	5.29184E-04	8.67282E-06 
1.411757E-01	5.06341E-04	8.62708E-06 
1.4145057E-01	5.04015E-04	8.61284E-06 
1.4172544E-01	4.91719E-04	8.57754E-06 
1.420003E-01	4.96150E-04	8.58185E-06 
1.4227518E-01	4.75391E-04	8.54524E-06 
1.4255005E-01	4.80223E-04	8.54520E-06 
1.4282492E-01	5.15580E-04	8.57883E-06 
1.430998E-01	4.98744E-04	8.54268E-06 
1.4337467E-01	4.82816E-04	8.50494E-06 
1.4364953E-01	4.89194E-04	8.52020E-06 
1.439244E-01	4.85490E-04	8.50796E-06 
1.4419928E-01	4.88185E-04	8.48541E-06 
1.4447415E-01	4.85100E-04	8.47518E-06 
1.4474902E-01	4.69761E-04	8.44660E-06 
1.450239E-01	4.59370E-04	8.42400E-06 
1.4529876E-01	4.62851E-04	8.42030E-06 
1.4557363E-01	4.64699E-04	8.41158E-06 
1.4584851E-01	4.60874E-04	8.39828E-06 
1.4612338E-01	4.63130E-04	8.38554E-06 
1.4639825E-01	4.61614E-04	8.39116E-06 
1.4667311E-01	4.46088E-04	8.35722E-06 
1.4694799E-01	4.49906E-04	8.36301E-06 
1.4722286E-01	4.51457E-04	8.36664E-06 
1.4749773E-01	4.43118E-04	8.33718E-06 
1.4777261E-01	4.61104E-04	8.35409E-06 
1.4804748E-01	4.53981E-04	8.32299E-06 
1.4832234E-01	4.58252E-04	8.32798E-06 
1.4859721E-01	4.49912E-04	8.32365E-06 
1.4887209E-01	4.31234E-04	8.28305E-06 
1.4914696E-01	4.25888E-04	8.26446E-06 
1.4942183E-01	4.27408E-04	8.26418E-06 
1.4969671E-01	4.12888E-04	8.21740E-06 
1.4997157E-01	4.17445E-04	8.23638E-06 
1.5024644E-01	4.32311E-04	8.25865E-06 
1.5052131E-01	4.17488E-04	8.21145E-06 
1.5079619E-01	4.28234E-04	8.23332E-06 
1.5107106E-01	4.26871E-04	8.28975E-06 
1.5134592E-01	4.23233E-04	8.27138E-06 
1.5162081E-01	4.18535E-04	8.21037E-06 
1.5189567E-01	4.18398E-04	8.26928E-06 
1.5217054E-01	4.11596E-04	8.26867E-06 
1.5244542E-01	4.17065E-04	8.27670E-06 
1.5272029E-01	4.02643E-04	8.19510E-06 
1.5299515E-01	3.93710E-04	8.16886E-06 
1.5327002E-01	4.01835E-04	8.11938E-06 
1.535449E-01	4.06317E-04	8.08638E-06 
1.5381977E-01	4.05380E-04	8.08414E-06 
1.5409464E-01	4.15412E-04	8.08536E-06 
1.5436952E-01	3.97518E-04	8.04835E-06 
1.5464438E-01	4.04063E-04	8.05009E-06 
1.5491925E-01	3.88421E-04	8.03360E-06 
1.5519412E-01	4.00643E-04	8.04452E-06 
1.554690E-01	4.06040E-04	8.03508E-06 
1.5574387E-01	3.86704E-04	7.99689E-06 
1.5601873E-01	3.83301E-04	7.98182E-06 
1.5629362E-01	3.86520E-04	7.98161E-06 
1.5656848E-01	3.83860E-04	7.96863E-06 
1.5684335E-01	3.88938E-04	7.95757E-06 
1.5711822E-01	3.88475E-04	7.95365E-06 
1.573931E-01	3.77134E-04	7.91392E-06 
1.5766796E-01	3.89200E-04	7.93774E-06 
1.5794283E-01	3.73657E-04	7.90487E-06 
1.5821771E-01	3.75847E-04	7.90092E-06 
1.5849258E-01	3.78636E-04	7.90981E-06 
1.5876745E-01	3.72499E-04	7.87848E-06 
1.5904233E-01	3.73048E-04	7.87325E-06 
1.593172E-01	3.73938E-04	7.85880E-06 
1.5959206E-01	3.65512E-04	7.84516E-06 
1.5986693E-01	3.69112E-04	7.84464E-06 
1.6014181E-01	3.77179E-04	7.84211E-06 
1.6041668E-01	3.78232E-04	7.83459E-06 
1.6069154E-01	3.69645E-04	7.81928E-06 
1.6096643E-01	3.66886E-04	7.81504E-06 
1.6124129E-01	3.69080E-04	7.80122E-06 
1.6151616E-01	3.61999E-04	7.78111E-06 
1.6179103E-01	3.72698E-04	7.78125E-06 
1.6206591E-01	3.75505E-04	7.78225E-06 
1.6234078E-01	3.54605E-04	7.75636E-06 
1.6261564E-01	3.48372E-04	7.83495E-06 
1.6289052E-01	3.53440E-04	7.97055E-06 
1.6316539E-01	3.50637E-04	8.04288E-06 
1.6344026E-01	3.54730E-04	8.10037E-06 
1.6371512E-01	3.39159E-04	8.12701E-06 
1.6399001E-01	3.50713E-04	8.19419E-06 
1.6426487E-01	3.57158E-04	8.22275E-06 
1.6453974E-01	3.45232E-04	8.24736E-06 
1.6481462E-01	3.59126E-04	8.29985E-06 
1.6508949E-01	3.52314E-04	8.32285E-06 
1.6536435E-01	3.45043E-04	8.34204E-06 
1.6563924E-01	3.48700E-04	8.39021E-06 
1.659141E-01	3.46320E-04	8.37189E-06 
1.6618897E-01	3.37519E-04	8.36420E-06 
1.6646384E-01	3.41039E-04	8.41011E-06 
1.6673872E-01	3.33511E-04	8.40302E-06 
1.6701359E-01	3.31899E-04	8.42488E-06 
1.6728845E-01	3.33484E-04	8.33108E-06 
1.6756333E-01	3.26765E-04	8.17311E-06 
1.678382E-01	3.28542E-04	8.11594E-06 
1.6811307E-01	3.31715E-04	8.04283E-06 
1.6838793E-01	3.28851E-04	7.99587E-06 
1.6866282E-01	3.19647E-04	7.94666E-06 
1.6893768E-01	3.27733E-04	7.92193E-06 
1.6921255E-01	3.35910E-04	7.91187E-06 
1.6948743E-01	3.27081E-04	7.85726E-06 
1.697623E-01	3.32235E-04	7.85355E-06 
1.7003717E-01	3.25513E-04	7.81809E-06 
1.7031203E-01	3.15683E-04	7.77510E-06 
1.7058691E-01	3.05219E-04	7.75281E-06 
1.7086178E-01	3.23470E-04	7.75368E-06 
1.7113665E-01	3.11745E-04	7.72362E-06 
1.7141153E-01	2.82215E-04	7.65963E-06 
1.716864E-01	3.03475E-04	7.68246E-06 
1.7196126E-01	3.06084E-04	7.66039E-06 
1.7223614E-01	3.12208E-04	7.65869E-06 
1.7251101E-01	3.05709E-04	7.62738E-06 
1.7278588E-01	3.11802E-04	7.61682E-06 
1.7306075E-01	2.95149E-04	7.58442E-06 
1.7333563E-01	3.00849E-04	7.57655E-06 
1.7361049E-01	3.15499E-04	7.57773E-06 
1.7388536E-01	2.89945E-04	7.53454E-06 
1.7416024E-01	3.00546E-04	7.53591E-06 
1.7443511E-01	3.04913E-04	7.53866E-06 
1.7470998E-01	2.97301E-04	7.51390E-06 
1.7498484E-01	2.94643E-04	7.49504E-06 
1.7525972E-01	2.85555E-04	7.47106E-06 
1.7553459E-01	2.99717E-04	7.46786E-06 
1.7580946E-01	3.03761E-04	7.45624E-06 
1.7608434E-01	2.98242E-04	7.43307E-06 
1.7635921E-01	2.73306E-04	7.38335E-06 
1.7663407E-01	2.88425E-04	7.37969E-06 
1.7690895E-01	2.88268E-04	7.36472E-06 
1.7718382E-01	2.89013E-04	7.36922E-06 
1.7745869E-01	2.78616E-04	7.33212E-06 
1.7773356E-01	2.74237E-04	7.31400E-06 
1.7800844E-01	2.79062E-04	7.30554E-06 
1.782833E-01	2.85516E-04	7.30488E-06 
1.7855817E-01	2.92658E-04	7.30191E-06 
1.7883305E-01	2.84507E-04	7.28155E-06 
1.7910792E-01	2.75839E-04	7.26092E-06 
1.7938279E-01	2.89418E-04	7.26549E-06 
1.7965765E-01	2.80263E-04	7.24476E-06 
1.7993253E-01	2.76395E-04	7.22681E-06 
1.802074E-01	2.67210E-04	7.22181E-06 
1.8048227E-01	2.74173E-04	7.24280E-06 
1.8075715E-01	2.60817E-04	7.20759E-06 
1.8103202E-01	2.64011E-04	7.21872E-06 
1.8130688E-01	2.73951E-04	7.22714E-06 
1.8158175E-01	2.79568E-04	7.23067E-06 
1.8185663E-01	2.62862E-04	7.20807E-06 
1.821315E-01	2.62998E-04	7.20302E-06 
1.8240637E-01	2.77879E-04	7.22263E-06 
1.8268125E-01	2.67656E-04	7.19056E-06 
1.8295611E-01	2.66616E-04	7.19804E-06 
1.8323098E-01	2.77854E-04	7.20818E-06 
1.8350586E-01	2.64944E-04	7.16581E-06 
1.8378073E-01	2.61358E-04	7.16692E-06 
1.840556E-01	2.51268E-04	7.12449E-06 
1.8433046E-01	2.41785E-04	7.09853E-06 
1.8460535E-01	2.57582E-04	7.10034E-06 
1.8488021E-01	2.47248E-04	7.07898E-06 
1.8515508E-01	2.47583E-04	7.07166E-06 
1.8542996E-01	2.58111E-04	7.07958E-06 
1.8570483E-01	2.34490E-04	7.03408E-06 
1.8597969E-01	2.46452E-04	7.04005E-06 
1.8625456E-01	2.54918E-04	7.03888E-06 
1.8652944E-01	2.52611E-04	7.03119E-06 
1.8680431E-01	2.44474E-04	7.00683E-06 
1.8707918E-01	2.32564E-04	6.98281E-06 
1.8735406E-01	2.39143E-04	6.98310E-06 
1.8762892E-01	2.30774E-04	7.01739E-06 
1.8790379E-01	2.45649E-04	7.00675E-06 
1.8817866E-01	2.45135E-04	6.98939E-06 
1.8845354E-01	2.39217E-04	6.98855E-06 
1.8872841E-01	2.45343E-04	6.98023E-06 
1.8900327E-01	2.37990E-04	6.96202E-06 
1.8927816E-01	2.33512E-04	6.95675E-06 
1.8955302E-01	2.25806E-04	6.95544E-06 
1.8982789E-01	2.27132E-04	6.93767E-06 
1.9010277E-01	2.34428E-04	6.92271E-06 
1.9037764E-01	2.24130E-04	6.89969E-06 
1.906525E-01	2.28592E-04	6.88895E-06 
1.9092737E-01	2.28448E-04	6.87187E-06 
1.9120225E-01	2.24819E-04	6.84930E-06 
1.9147712E-01	2.31914E-04	6.85418E-06 
1.9175199E-01	2.19306E-04	6.83574E-06 
1.9202687E-01	2.14769E-04	6.84325E-06 
1.9230174E-01	2.16917E-04	6.82164E-06 
1.925766E-01	2.35879E-04	6.82989E-06 
1.9285147E-01	2.16913E-04	6.78962E-06 
1.9312635E-01	2.30071E-04	6.80807E-06 
1.9340122E-01	2.22657E-04	6.78311E-06 
1.9367608E-01	2.15670E-04	6.77119E-06 
1.9395097E-01	2.23250E-04	6.76991E-06 
1.9422583E-01	2.20096E-04	6.76747E-06 
1.945007E-01	2.23245E-04	6.75836E-06 
1.9477557E-01	2.18781E-04	6.74337E-06 
1.9505045E-01	2.15822E-04	6.73389E-06 
1.9532531E-01	2.16823E-04	6.72982E-06 
1.9560018E-01	2.10644E-04	6.71499E-06 
1.9587506E-01	2.18963E-04	6.72256E-06 
1.9614993E-01	2.06201E-04	6.70009E-06 
1.964248E-01	2.06035E-04	6.68719E-06 
1.9669968E-01	2.04437E-04	6.66689E-06 
1.9697455E-01	2.07370E-04	6.67947E-06 
1.9724941E-01	2.07308E-04	6.66995E-06 
1.9752428E-01	2.03916E-04	6.66285E-06 
1.9779916E-01	1.97835E-04	6.64073E-06 
1.9807403E-01	2.03927E-04	6.64227E-06 
1.9834889E-01	2.12155E-04	6.65085E-06 
1.9862378E-01	2.05757E-04	6.63266E-06 
1.9889864E-01	2.07559E-04	6.63225E-06 
1.9917351E-01	2.12517E-04	6.63471E-06 
1.9944838E-01	2.04471E-04	6.61864E-06 
1.9972326E-01	1.90006E-04	6.59219E-06 
1.9999813E-01	1.94736E-04	6.58926E-06 
2.0027299E-01	1.98559E-04	6.59295E-06 
2.0054787E-01	2.05062E-04	6.59930E-06 
2.0082274E-01	2.03850E-04	6.58748E-06 
2.0109761E-01	1.91519E-04	6.57110E-06 
2.0137247E-01	1.92090E-04	6.56163E-06 
2.0164736E-01	1.89132E-04	6.55814E-06 
2.0192222E-01	1.76089E-04	6.53020E-06 
2.0219709E-01	1.99944E-04	6.56230E-06 
2.0247197E-01	1.89697E-04	6.53744E-06 
2.0274684E-01	2.01536E-04	6.55110E-06 
2.0302171E-01	1.94510E-04	6.53689E-06 
2.0329659E-01	1.86464E-04	6.52082E-06 
2.0357145E-01	1.97272E-04	6.52635E-06 
2.0384632E-01	2.04859E-04	6.54226E-06 
2.0412119E-01	1.73805E-04	6.49260E-06 
2.0439607E-01	1.71732E-04	6.49098E-06 
2.0467094E-01	1.89137E-04	6.50176E-06 
2.049458E-01	1.88356E-04	6.49251E-06 
2.0522068E-01	1.76460E-04	6.48079E-06 
2.0549555E-01	1.87666E-04	6.48118E-06 
2.0577042E-01	1.85371E-04	6.47228E-06 
2.0604528E-01	1.87169E-04	6.47076E-06 
2.0632017E-01	1.88200E-04	6.47321E-06 
2.0659503E-01	1.74111E-04	6.44575E-06 
2.068699E-01	1.69821E-04	6.43585E-06 
2.0714478E-01	1.76620E-04	6.43394E-06 
2.0741965E-01	1.93025E-04	6.45035E-06 
2.0769452E-01	1.86042E-04	6.43764E-06 
2.0796938E-01	1.94094E-04	6.44776E-06 
2.0824426E-01	1.86901E-04	6.43187E-06 
2.0851913E-01	1.80296E-04	6.42248E-06 
2.087940E-01	1.77273E-04	6.40993E-06 
2.0906888E-01	1.80296E-04	6.41635E-06 
2.0934375E-01	1.66127E-04	6.38573E-06 
2.0961861E-01	1.76030E-04	6.40025E-06 
2.0989349E-01	1.82499E-04	6.39817E-06 
2.1016836E-01	1.84984E-04	6.39735E-06 
2.1044323E-01	1.79607E-04	6.39672E-06 
2.107181E-01	1.83797E-04	6.39867E-06 
2.1099298E-01	1.65935E-04	6.37766E-06 
2.1126784E-01	1.61007E-04	6.38512E-06 
2.1154271E-01	1.57568E-04	6.38615E-06 
2.1181759E-01	1.63764E-04	6.39658E-06 
2.1209246E-01	1.65440E-04	6.41001E-06 
2.1236733E-01	1.63103E-04	6.40568E-06 
2.1264219E-01	1.69933E-04	6.41734E-06 
2.1291707E-01	1.56316E-04	6.40693E-06 
2.1319194E-01	1.57478E-04	6.41781E-06 
2.1346681E-01	1.69682E-04	6.44715E-06 
2.1374169E-01	1.68180E-04	6.44042E-06 
2.1401656E-01	1.67240E-04	6.43794E-06 
2.1429142E-01	1.59072E-04	6.44552E-06 
2.1456629E-01	1.49563E-04	6.42551E-06 
2.1484117E-01	1.60634E-04	6.45657E-06 
2.1511604E-01	1.60723E-04	6.46028E-06 
2.1539091E-01	1.51482E-04	6.44355E-06 
2.1566579E-01	1.54370E-04	6.45677E-06 
2.1594065E-01	1.48640E-04	6.45174E-06 
2.1621552E-01	1.45635E-04	6.45497E-06 
2.164904E-01	1.56730E-04	6.47237E-06 
2.1676527E-01	1.54052E-04	6.46419E-06 
2.1704014E-01	1.59006E-04	6.48335E-06 
2.173150E-01	1.59189E-04	6.48533E-06 
2.1758988E-01	1.62977E-04	6.48938E-06 
2.1786475E-01	1.56938E-04	6.49302E-06 
2.1813962E-01	1.41833E-04	6.47842E-06 
2.184145E-01	1.59040E-04	6.50282E-06 
2.1868937E-01	1.45218E-04	6.48387E-06 
2.1896423E-01	1.58917E-04	6.51528E-06 
2.192391E-01	1.51966E-04	6.49227E-06 
2.1951398E-01	1.53081E-04	6.50589E-06 
2.1978885E-01	1.48436E-04	6.50207E-06 
2.2006372E-01	1.44367E-04	6.50530E-06 
2.203386E-01	1.31221E-04	6.49908E-06 
2.2061346E-01	1.39101E-04	6.51176E-06 
2.2088833E-01	1.44071E-04	6.59529E-06 
2.211632E-01	1.52258E-04	6.72436E-06 
2.2143808E-01	1.39959E-04	6.77070E-06 
2.2171295E-01	1.44415E-04	6.82811E-06 
2.2198781E-01	1.46560E-04	6.88331E-06 
2.222627E-01	1.62895E-04	6.94901E-06 
2.2253756E-01	1.40907E-04	6.95342E-06 
2.2281243E-01	1.43987E-04	7.00783E-06 
2.2308731E-01	1.49199E-04	7.05084E-06 
2.2336218E-01	1.41227E-04	7.08053E-06 
2.2363704E-01	1.40361E-04	7.10878E-06 
2.2391191E-01	1.38749E-04	7.12972E-06 
2.2418679E-01	1.44690E-04	7.17607E-06 
2.2446166E-01	1.63432E-04	7.23171E-06 
2.2473653E-01	1.41619E-04	7.22200E-06 
2.2501141E-01	1.33940E-04	7.22865E-06 
2.2528628E-01	1.15490E-04	7.22686E-06 
2.2556114E-01	1.41852E-04	7.21667E-06 
2.2583601E-01	1.36079E-04	7.08041E-06 
2.2611089E-01	1.28551E-04	7.01182E-06 
2.2638576E-01	1.39252E-04	6.98948E-06 
2.2666062E-01	1.29670E-04	6.94538E-06 
2.2693551E-01	1.33977E-04	6.93132E-06 
2.2721037E-01	1.43236E-04	6.91506E-06 
2.2748524E-01	1.27856E-04	6.88589E-06 
2.2776011E-01	1.32615E-04	6.86889E-06 
2.2803499E-01	1.28983E-04	6.85190E-06 
2.2830985E-01	1.32697E-04	6.84153E-06 
2.2858472E-01	1.35822E-04	6.82359E-06 
2.288596E-01	1.39331E-04	6.81196E-06 
2.2913447E-01	1.30695E-04	6.77141E-06 
2.2940934E-01	1.34468E-04	6.76713E-06 
2.2968422E-01	1.25775E-04	6.73724E-06 
2.2995909E-01	1.16247E-04	6.70453E-06 
2.3023395E-01	1.15077E-04	6.70858E-06 
2.3050882E-01	1.18680E-04	6.71000E-06 
2.307837E-01	1.36458E-04	6.71747E-06 
2.3105857E-01	1.23747E-04	6.67687E-06 
2.3133343E-01	1.38899E-04	6.68720E-06 
2.3160832E-01	1.32107E-04	6.67832E-06 
2.3188318E-01	1.26704E-04	6.65775E-06 
2.3215805E-01	1.19718E-04	6.65196E-06 
2.3243292E-01	1.12400E-04	6.64793E-06 
2.327078E-01	1.20124E-04	6.65483E-06 
2.3298267E-01	1.30225E-04	6.65855E-06 
2.3325753E-01	1.25207E-04	6.65379E-06 
2.3353241E-01	1.22820E-04	6.65560E-06 
2.3380728E-01	1.13490E-04	6.63183E-06 
2.3408215E-01	1.14143E-04	6.63938E-06 
2.3435701E-01	1.19873E-04	6.65018E-06 
2.346319E-01	1.10280E-04	6.62793E-06 
2.3490676E-01	1.15229E-04	6.62885E-06 
2.3518163E-01	1.14277E-04	6.63422E-06 
2.3545651E-01	1.10612E-04	6.63893E-06 
2.3573138E-01	1.17537E-04	6.66533E-06 
2.3600625E-01	1.10146E-04	6.65870E-06 
2.3628113E-01	1.20757E-04	6.66231E-06 
2.3655599E-01	1.18044E-04	6.66163E-06 
2.3683086E-01	1.20953E-04	6.66100E-06 
2.3710573E-01	1.24258E-04	6.67045E-06 
2.3738061E-01	1.13782E-04	6.66149E-06 
2.3765548E-01	1.25876E-04	6.67584E-06 
2.3793034E-01	1.15193E-04	6.65978E-06 
2.3820522E-01	1.06397E-04	6.64831E-06 
2.3848009E-01	1.10941E-04	6.66181E-06 
2.3875496E-01	1.20428E-04	6.66608E-06 
2.3902982E-01	1.13932E-04	6.65819E-06 
2.3930471E-01	1.15600E-04	6.66411E-06 
2.3957957E-01	1.16559E-04	6.66208E-06 
2.3985444E-01	1.24019E-04	6.66366E-06 
2.4012932E-01	1.18489E-04	6.67211E-06 
2.4040419E-01	9.92847E-05	6.62583E-06 
2.4067906E-01	1.08399E-04	6.64047E-06 
2.4095392E-01	1.17995E-04	6.65557E-06 
2.412288E-01	1.07638E-04	6.64154E-06 
2.4150367E-01	1.17612E-04	6.66132E-06 
2.4177854E-01	1.19972E-04	6.66024E-06 
2.4205342E-01	1.09039E-04	6.63925E-06 
2.4232829E-01	9.89582E-05	6.63347E-06 
2.4260315E-01	1.19206E-04	6.65788E-06 
2.4287803E-01	1.15331E-04	6.65291E-06 
2.431529E-01	1.06224E-04	6.64350E-06 
2.4342777E-01	1.02049E-04	6.64638E-06 
2.4370264E-01	1.04676E-04	6.64022E-06 
2.4397752E-01	9.55033E-05	6.62220E-06 
2.4425238E-01	1.09587E-04	6.64967E-06 
2.4452725E-01	1.06666E-04	6.64141E-06 
2.4480213E-01	1.09051E-04	6.64577E-06 
2.450770E-01	1.06881E-04	6.64202E-06 
2.4535187E-01	9.03624E-05	6.60843E-06 
2.4562673E-01	1.06575E-04	6.64572E-06 
2.4590161E-01	1.06154E-04	6.64379E-06 
2.4617648E-01	9.86333E-05	6.62916E-06 
2.4645135E-01	1.01979E-04	6.63345E-06 
2.4672623E-01	1.02937E-04	6.63887E-06 
2.470011E-01	1.04612E-04	6.63427E-06 
2.4727596E-01	9.18674E-05	6.61448E-06 
2.4755085E-01	9.28051E-05	6.62119E-06 
2.4782571E-01	1.09168E-04	6.64417E-06 
2.4810058E-01	9.82591E-05	6.63654E-06 
2.4837545E-01	9.91237E-05	6.63640E-06 
2.4865033E-01	9.97161E-05	6.63496E-06 
2.4892519E-01	1.06371E-04	6.63819E-06 
2.4920006E-01	1.08686E-04	6.63992E-06 
2.4947494E-01	1.02987E-04	6.64181E-06 
2.4974981E-01	1.01838E-04	6.64194E-06 
2.5002468E-01	1.03755E-04	6.64684E-06 
2.5029954E-01	8.98016E-05	6.61981E-06 
2.5057441E-01	1.04825E-04	6.64565E-06 
2.5084931E-01	1.02067E-04	6.63336E-06 
2.5112417E-01	9.31005E-05	6.62656E-06 
2.5139904E-01	8.74769E-05	6.62407E-06 
2.5167391E-01	1.02535E-04	6.64558E-06 
2.5194877E-01	1.10109E-04	6.65266E-06 
2.5222364E-01	9.87373E-05	6.63952E-06 
2.5249851E-01	7.86012E-05	6.60502E-06 
2.527734E-01	8.15275E-05	6.61487E-06 
2.5304827E-01	1.00443E-04	6.63967E-06 
2.5332314E-01	9.73414E-05	6.63489E-06 
2.535980E-01	8.85490E-05	6.62137E-06 
2.5387287E-01	9.16456E-05	6.61302E-06 
2.5414774E-01	1.00929E-04	6.63306E-06 
2.5442261E-01	8.95037E-05	6.61529E-06 
2.546975E-01	9.54044E-05	6.64140E-06 
2.5497237E-01	8.44261E-05	6.61232E-06 
2.5524724E-01	7.58034E-05	6.60486E-06 
2.555221E-01	1.06813E-04	6.65444E-06 
2.5579697E-01	9.58951E-05	6.62798E-06 
2.5607184E-01	8.58291E-05	6.62363E-06 
2.563467E-01	9.58619E-05	6.63644E-06 
2.566216E-01	1.06082E-04	6.65362E-06 
2.5689647E-01	9.66816E-05	6.63393E-06 
2.5717133E-01	8.84005E-05	6.63089E-06 
2.574462E-01	9.59051E-05	6.63770E-06 
2.5772107E-01	8.82725E-05	6.62601E-06 
2.5799593E-01	8.16990E-05	6.62147E-06 
2.582708E-01	1.03817E-04	6.65594E-06 
2.585457E-01	8.89749E-05	6.62832E-06 
2.5882056E-01	8.53918E-05	6.62733E-06 
2.5909543E-01	8.20832E-05	6.61358E-06 
2.593703E-01	8.71243E-05	6.62871E-06 
2.5964516E-01	9.23641E-05	6.63329E-06 
2.5992003E-01	8.91633E-05	6.63014E-06 
2.601949E-01	8.51769E-05	6.60544E-06 
2.6046979E-01	9.17640E-05	6.61459E-06 
2.6074466E-01	8.98039E-05	6.61752E-06 
2.6101953E-01	9.03961E-05	6.59120E-06 
2.6129439E-01	9.52953E-05	6.59321E-06 
2.6156926E-01	9.03001E-05	6.58170E-06 
2.6184413E-01	7.67506E-05	6.55005E-06 
2.621190E-01	8.55782E-05	6.55878E-06 
2.6239389E-01	9.40502E-05	6.56232E-06 
2.6266876E-01	8.80307E-05	6.54981E-06 
2.6294363E-01	8.73230E-05	6.54795E-06 
2.6321849E-01	9.00535E-05	6.54469E-06 
2.6349336E-01	8.64837E-05	6.53899E-06 
2.6376823E-01	8.42184E-05	6.52948E-06 
2.6404312E-01	9.07612E-05	6.55341E-06 
2.6431799E-01	8.04739E-05	6.52741E-06 
2.6459286E-01	8.04657E-05	6.53694E-06 
2.6486772E-01	7.38546E-05	6.52621E-06 
2.6514259E-01	8.40828E-05	6.54258E-06 
2.6541746E-01	9.37625E-05	6.54983E-06 
2.6569232E-01	8.21841E-05	6.53292E-06 
2.6596722E-01	9.06488E-05	6.55653E-06 
2.6624209E-01	9.23887E-05	6.56205E-06 
2.6651695E-01	8.08669E-05	6.54412E-06 
2.6679182E-01	8.24245E-05	6.54640E-06 
2.6706669E-01	8.59015E-05	6.55631E-06 
2.6734155E-01	6.89441E-05	6.53193E-06 
2.6761642E-01	7.02025E-05	6.52281E-06 
2.6789132E-01	8.06322E-05	6.54867E-06 
2.6816618E-01	8.57021E-05	6.54870E-06 
2.6844105E-01	9.69308E-05	6.56690E-06 
2.6871592E-01	6.97555E-05	6.53143E-06 
2.6899078E-01	7.75932E-05	6.53476E-06 
2.6926565E-01	7.54947E-05	6.53351E-06 
2.6954052E-01	7.60141E-05	6.53505E-06 
2.6981542E-01	8.73213E-05	6.55729E-06 
2.7009028E-01	7.04732E-05	6.52201E-06 
2.7036515E-01	7.50434E-05	6.53031E-06 
2.7064002E-01	7.82115E-05	6.54644E-06 
2.7091488E-01	7.74510E-05	6.53412E-06 
2.7118975E-01	8.51314E-05	6.55125E-06 
2.7146462E-01	6.08445E-05	6.50480E-06 
2.7173951E-01	8.69825E-05	6.55642E-06 
2.7201438E-01	8.18304E-05	6.54077E-06 
2.7228925E-01	7.49152E-05	6.54325E-06 
2.7256411E-01	6.99490E-05	6.53334E-06 
2.7283898E-01	7.46747E-05	6.53656E-06 
2.7311385E-01	7.62493E-05	6.55475E-06 
2.7338871E-01	7.64347E-05	6.54753E-06 
2.7366361E-01	7.07358E-05	6.53257E-06 
2.7393848E-01	7.87184E-05	6.55896E-06 
2.7421334E-01	7.86949E-05	6.52646E-06 
2.7448821E-01	8.44156E-05	6.54749E-06 
2.7476308E-01	8.24631E-05	6.54872E-06 
2.7503794E-01	8.76354E-05	6.56468E-06 
2.7531281E-01	7.77606E-05	6.54660E-06 
2.7558771E-01	6.71046E-05	6.52564E-06 
2.7586257E-01	8.33522E-05	6.55072E-06 
2.7613744E-01	7.77604E-05	6.54136E-06 
2.7641231E-01	7.43890E-05	6.54604E-06 
2.7668718E-01	7.45653E-05	6.54461E-06 
2.7696204E-01	7.16229E-05	6.53339E-06 
2.7723694E-01	9.44866E-05	6.57218E-06 
2.7751181E-01	7.72978E-05	6.54334E-06 
2.7778667E-01	9.04802E-05	6.56508E-06 
2.7806154E-01	9.03074E-05	6.56313E-06 
2.7833641E-01	7.95676E-05	6.54532E-06 
2.7861127E-01	9.29848E-05	6.57887E-06 
2.7888614E-01	8.31587E-05	6.56237E-06 
2.7916104E-01	7.85383E-05	6.65540E-06 
2.794359E-01	7.02633E-05	6.79482E-06 
2.7971077E-01	7.99811E-05	6.87706E-06 
2.7998564E-01	7.74675E-05	6.95116E-06 
2.802605E-01	8.83956E-05	7.02810E-06 
2.8053537E-01	8.37414E-05	7.08331E-06 
2.8081024E-01	7.94247E-05	7.12370E-06 
2.8108513E-01	9.61387E-05	7.19340E-06 
2.813600E-01	7.78544E-05	7.20102E-06 
2.8163487E-01	7.39422E-05	7.24606E-06 
2.8190973E-01	7.02047E-05	7.27972E-06 
2.821846E-01	6.35307E-05	7.29484E-06 
2.8245947E-01	6.47715E-05	7.35525E-06 
2.8273433E-01	6.90007E-05	7.39706E-06 
2.8300923E-01	7.85359E-05	7.45541E-06 
2.832841E-01	7.87497E-05	7.49660E-06 
2.8355896E-01	7.21965E-05	7.50081E-06 
2.8383383E-01	8.14040E-05	7.46711E-06 
2.841087E-01	7.86615E-05	7.28689E-06 
2.8438357E-01	8.90534E-05	7.23284E-06 
2.8465843E-01	8.09827E-05	7.17313E-06 
2.8493333E-01	7.39088E-05	7.11736E-06 
2.852082E-01	8.38563E-05	7.10317E-06 
2.8548306E-01	8.21691E-05	7.07451E-06 
2.8575793E-01	6.76943E-05	7.02861E-06 
2.860328E-01	8.75408E-05	7.04521E-06 
2.8630766E-01	8.61978E-05	7.01287E-06 
2.8658253E-01	7.76130E-05	6.99981E-06 
2.8685743E-01	8.28734E-05	6.98299E-06 
2.8713229E-01	8.03543E-05	6.95575E-06 
2.8740716E-01	7.72714E-05	6.92548E-06 
2.8768203E-01	7.76080E-05	6.91238E-06 
2.8795689E-01	8.59247E-05	6.91146E-06 
2.8823176E-01	7.72543E-05	6.87769E-06 
2.8850663E-01	6.45756E-05	6.86653E-06 
2.8878152E-01	7.66560E-05	6.87157E-06 
2.8905639E-01	7.45872E-05	6.85709E-06 
2.8933126E-01	7.57492E-05	6.86600E-06 
2.8960612E-01	8.39789E-05	6.86944E-06 
2.8988099E-01	9.54120E-05	6.87466E-06 
2.9015586E-01	7.63011E-05	6.83252E-06 
2.9043075E-01	7.95661E-05	6.83715E-06 
2.9070562E-01	8.04418E-05	6.84581E-06 
2.9098049E-01	7.68617E-05	6.82546E-06 
2.9125535E-01	7.49416E-05	6.81361E-06 
2.9153022E-01	6.23311E-05	6.80425E-06 
2.9180509E-01	6.00865E-05	6.81467E-06 
2.9207996E-01	7.87358E-05	6.85353E-06 
2.9235485E-01	7.94147E-05	6.84917E-06 
2.9262972E-01	7.74011E-05	6.83724E-06 
2.9290459E-01	9.00153E-05	6.86256E-06 
2.9317945E-01	8.10918E-05	6.83891E-06 
2.9345432E-01	8.39246E-05	6.83825E-06 
2.9372919E-01	8.33943E-05	6.82882E-06 
2.9400405E-01	6.82135E-05	6.81223E-06 
2.9427895E-01	7.16562E-05	6.83466E-06 
2.9455382E-01	7.94097E-05	6.82628E-06 
2.9482868E-01	7.00141E-05	6.80326E-06 
2.9510355E-01	7.13121E-05	6.79809E-06 
2.9537842E-01	8.27103E-05	6.82655E-06 
2.9565328E-01	8.45869E-05	6.84664E-06 
2.9592815E-01	7.83129E-05	6.83053E-06 
2.9620305E-01	8.09658E-05	6.82639E-06 
2.9647791E-01	8.63666E-05	6.82399E-06 
2.9675278E-01	7.99849E-05	6.79799E-06 
2.9702765E-01	8.58488E-05	6.81232E-06 
2.9730251E-01	8.37167E-05	6.79268E-06 
2.9757738E-01	9.02695E-05	6.80746E-06 
2.9785225E-01	7.28150E-05	6.78029E-06 
2.9812714E-01	6.92205E-05	6.76342E-06 
2.9840201E-01	7.80309E-05	6.77519E-06 
2.9867688E-01	8.26992E-05	6.77895E-06 
2.9895175E-01	8.63418E-05	6.79797E-06 
2.9922661E-01	7.99976E-05	6.77715E-06 
2.9950148E-01	8.90909E-05	6.78474E-06 
2.9977635E-01	8.37494E-05	6.76769E-06 
3.0005124E-01	7.86139E-05	6.75266E-06 
3.0032611E-01	6.92256E-05	6.73866E-06 
3.0060098E-01	7.43040E-05	6.73425E-06 
3.0087584E-01	8.11688E-05	6.71932E-06 
3.0115071E-01	8.55028E-05	6.71615E-06 
3.0142558E-01	8.32807E-05	6.71061E-06 
3.0170044E-01	8.46887E-05	6.70222E-06 
3.0197534E-01	8.02949E-05	6.68126E-06 
3.0225021E-01	7.44265E-05	6.66424E-06 
3.0252507E-01	7.30066E-05	6.65162E-06 
3.0279994E-01	7.86944E-05	6.65299E-06 
3.0307481E-01	8.02423E-05	6.64275E-06 
3.0334967E-01	7.54174E-05	6.63242E-06 
3.0362457E-01	7.19354E-05	6.62765E-06 
3.0389944E-01	8.04118E-05	6.64256E-06 
3.041743E-01	8.83036E-05	6.64829E-06 
3.0444917E-01	8.64110E-05	6.64429E-06 
3.0472404E-01	8.18584E-05	6.64250E-06 
3.049989E-01	7.31084E-05	6.62256E-06 
3.0527377E-01	8.06612E-05	6.63722E-06 
3.0554867E-01	7.92826E-05	6.62452E-06 
3.0582353E-01	9.05990E-05	6.65093E-06 
3.060984E-01	8.30857E-05	6.62960E-06 
3.0637327E-01	8.79692E-05	6.64317E-06 
3.0664814E-01	8.01248E-05	6.62710E-06 
3.069230E-01	7.22333E-05	6.61137E-06 
3.0719787E-01	7.67101E-05	6.61983E-06 
3.0747277E-01	8.45692E-05	6.63516E-06 
3.0774763E-01	8.27062E-05	6.63140E-06 
3.080225E-01	7.80426E-05	6.62158E-06 
3.0829737E-01	8.24968E-05	6.61925E-06 
3.0857223E-01	9.51735E-05	6.64415E-06 
3.088471E-01	9.02240E-05	6.63719E-06 
3.0912197E-01	7.80714E-05	6.61391E-06 
3.0939686E-01	8.92033E-05	6.62753E-06 
3.0967173E-01	8.81976E-05	6.62626E-06 
3.099466E-01	7.47681E-05	6.59991E-06 
3.1022146E-01	7.18794E-05	6.60811E-06 
3.1049633E-01	8.23656E-05	6.61283E-06 
3.107712E-01	8.08874E-05	6.61776E-06 
3.1104606E-01	8.74662E-05	6.62191E-06 
3.1132096E-01	8.34169E-05	6.62442E-06 
3.1159583E-01	8.02511E-05	6.60919E-06 
3.1187069E-01	8.27043E-05	6.61154E-06 
3.1214556E-01	7.63312E-05	6.60261E-06 
3.1242043E-01	7.45278E-05	6.60970E-06 
3.1269529E-01	8.55546E-05	6.61342E-06 
3.1297016E-01	8.06874E-05	6.61321E-06 
3.1324506E-01	8.59577E-05	6.60841E-06 
3.1351992E-01	8.21665E-05	6.61429E-06 
3.1379479E-01	6.40846E-05	6.59602E-06 
3.1406966E-01	8.54552E-05	6.62578E-06 
3.1434453E-01	9.41147E-05	6.63739E-06 
3.1461939E-01	8.75280E-05	6.63891E-06 
3.1489429E-01	8.94693E-05	6.65000E-06 
3.1516916E-01	9.07157E-05	6.65005E-06 
3.1544402E-01	7.13456E-05	6.60747E-06 
3.1571889E-01	7.57415E-05	6.61737E-06 
3.1599376E-01	8.47053E-05	6.62439E-06 
3.1626862E-01	7.48014E-05	6.61119E-06 
3.1654349E-01	7.61720E-05	6.60923E-06 
3.1681839E-01	8.45043E-05	6.62356E-06 
3.1709325E-01	8.48813E-05	6.61153E-06 
3.1736812E-01	8.24274E-05	6.61116E-06 
3.1764299E-01	8.14374E-05	6.60304E-06 
3.1791785E-01	8.38830E-05	6.61904E-06 
3.1819272E-01	6.69158E-05	6.58456E-06 
3.1846759E-01	7.35280E-05	6.59729E-06 
3.1874248E-01	8.15225E-05	6.61549E-06 
3.1901735E-01	8.35143E-05	6.60601E-06 
3.1929222E-01	8.35097E-05	6.60461E-06 
3.1956708E-01	8.43688E-05	6.61307E-06 
3.1984195E-01	9.74786E-05	6.63307E-06 
3.2011682E-01	8.90799E-05	6.60699E-06 
3.2039168E-01	9.08849E-05	6.61605E-06 
3.2066658E-01	8.77347E-05	6.61880E-06 
3.2094145E-01	7.88954E-05	6.61049E-06 
3.2121632E-01	8.79629E-05	6.61843E-06 
3.2149118E-01	7.48203E-05	6.59808E-06 
3.2176605E-01	7.73572E-05	6.60331E-06 
3.2204092E-01	9.52492E-05	6.61523E-06 
3.2231578E-01	9.96697E-05	6.61977E-06 
3.2259068E-01	8.83679E-05	6.59343E-06 
3.2286555E-01	9.22097E-05	6.61571E-06 
3.2314041E-01	8.19337E-05	6.59936E-06 
3.2341528E-01	7.68385E-05	6.58663E-06 
3.2369015E-01	7.98295E-05	6.58809E-06 
3.2396501E-01	8.34279E-05	6.59283E-06 
3.2423988E-01	8.32038E-05	6.60062E-06 
3.2451478E-01	8.19728E-05	6.60427E-06 
3.2478964E-01	8.55680E-05	6.61004E-06 
3.2506451E-01	8.67140E-05	6.59807E-06 
3.2533938E-01	9.18806E-05	6.60658E-06 
3.2561424E-01	9.15187E-05	6.61684E-06 
3.2588911E-01	8.92438E-05	6.60586E-06 
3.2616398E-01	8.09988E-05	6.59682E-06 
3.2643887E-01	7.93882E-05	6.60281E-06 
3.2671374E-01	7.14120E-05	6.57770E-06 
3.2698861E-01	6.96123E-05	6.57389E-06 
3.2726347E-01	7.81481E-05	6.59663E-06 
3.2753834E-01	7.88772E-05	6.59858E-06 
3.2781321E-01	7.76786E-05	6.59744E-06 
3.280881E-01	7.03484E-05	6.58425E-06 
3.2836297E-01	7.55602E-05	6.58549E-06 
3.2863784E-01	7.10997E-05	6.58337E-06 
3.2891271E-01	7.77611E-05	6.58840E-06 
3.2918757E-01	8.56260E-05	6.60258E-06 
3.2946244E-01	8.26373E-05	6.59689E-06 
3.2973731E-01	7.79529E-05	6.58672E-06 
3.300122E-01	8.23112E-05	6.60065E-06 
3.3028707E-01	6.96129E-05	6.57188E-06 
3.3056194E-01	8.03430E-05	6.59555E-06 
3.308368E-01	9.19956E-05	6.60643E-06 
3.3111167E-01	9.10793E-05	6.60611E-06 
3.3138654E-01	7.19621E-05	6.58612E-06 
3.316614E-01	6.69079E-05	6.56981E-06 
3.319363E-01	7.98227E-05	6.58910E-06 
3.3221117E-01	7.18571E-05	6.56268E-06 
3.3248603E-01	7.45772E-05	6.57658E-06 
3.327609E-01	7.88898E-05	6.58566E-06 
3.3303577E-01	8.49501E-05	6.58862E-06 
3.3331063E-01	9.47855E-05	6.60515E-06 
3.335855E-01	7.47970E-05	6.58255E-06 
3.338604E-01	8.03223E-05	6.59678E-06 
3.3413526E-01	7.54415E-05	6.58560E-06 
3.3441013E-01	7.18587E-05	6.57759E-06 
3.346850E-01	7.76840E-05	6.57929E-06 
3.3495986E-01	8.99997E-05	6.59979E-06 
3.3523473E-01	7.37855E-05	6.57759E-06 
3.355096E-01	6.86018E-05	6.57172E-06 
3.3578449E-01	7.55563E-05	6.58735E-06 
3.3605936E-01	6.90490E-05	6.56626E-06 
3.3633423E-01	7.85355E-05	6.58071E-06 
3.366091E-01	8.11474E-05	6.58986E-06 
3.3688396E-01	7.32534E-05	6.57885E-06 
3.3715883E-01	8.17004E-05	6.60355E-06 
3.374337E-01	7.13548E-05	6.68166E-06 
3.3770859E-01	7.99500E-05	6.87690E-06 
3.3798346E-01	8.41200E-05	6.97523E-06 
3.3825833E-01	9.62141E-05	7.07168E-06 
3.3853319E-01	8.49422E-05	7.11640E-06 
3.3880806E-01	8.57481E-05	7.18549E-06 
3.3908293E-01	7.27058E-05	7.22421E-06 
3.3935779E-01	7.07560E-05	7.27971E-06 
3.3963269E-01	7.40591E-05	7.32847E-06 
3.3990756E-01	6.31700E-05	7.38070E-06 
3.4018242E-01	6.80034E-05	7.44085E-06 
3.4045729E-01	7.68823E-05	7.50202E-06 
3.4073216E-01	8.23774E-05	7.56018E-06 
3.4100702E-01	7.81257E-05	7.59748E-06 
3.4128192E-01	6.83288E-05	7.63043E-06 
3.4155679E-01	5.98177E-05	7.65628E-06 
3.4183165E-01	7.11193E-05	7.72095E-06 
3.4210652E-01	8.12456E-05	7.63304E-06 
3.4238139E-01	7.95069E-05	7.45096E-06 
3.4265625E-01	7.50384E-05	7.34827E-06 
3.4293112E-01	7.56288E-05	7.27504E-06 
3.4320602E-01	8.59123E-05	7.26132E-06 
3.4348089E-01	8.54088E-05	7.21982E-06 
3.4375575E-01	8.16556E-05	7.17550E-06 
3.4403062E-01	6.43496E-05	7.09216E-06 
3.4430549E-01	7.59292E-05	7.08034E-06 
3.4458035E-01	7.69908E-05	7.05539E-06 
3.4485522E-01	7.09115E-05	7.02679E-06 
3.4513012E-01	7.54915E-05	7.01326E-06 
3.4540498E-01	7.75381E-05	6.98529E-06 
3.4567985E-01	7.81633E-05	6.96826E-06 
3.4595472E-01	7.79241E-05	6.94399E-06 
3.4622958E-01	6.77168E-05	6.90406E-06 
3.4650445E-01	6.82858E-05	6.88150E-06 
3.4677932E-01	5.84397E-05	6.85180E-06 
3.4705421E-01	7.13486E-05	6.85374E-06 
3.4732908E-01	7.03280E-05	6.81986E-06 
3.4760395E-01	8.08392E-05	6.82485E-06 
3.4787881E-01	7.46603E-05	6.81490E-06 
3.4815368E-01	5.64484E-05	6.75749E-06 
3.4842855E-01	7.89347E-05	6.78764E-06 
3.4870341E-01	7.32122E-05	6.76636E-06 
3.4897831E-01	8.42543E-05	6.79988E-06 
3.4925318E-01	7.12435E-05	6.77913E-06 
3.4952804E-01	7.02101E-05	6.77466E-06 
3.4980291E-01	6.57214E-05	6.75033E-06 
3.5007778E-01	6.75498E-05	6.75174E-06 
3.5035264E-01	6.35704E-05	6.75129E-06 
3.5062751E-01	6.62917E-05	6.75191E-06 
3.5090241E-01	6.59629E-05	6.74409E-06 
3.5117728E-01	6.35939E-05	6.73971E-06 
3.5145214E-01	7.61447E-05	6.77652E-06 
3.5172701E-01	7.83384E-05	6.77596E-06 
3.5200188E-01	7.53725E-05	6.75586E-06 
3.5227674E-01	7.53893E-05	6.75349E-06 
3.5255161E-01	7.58428E-05	6.75329E-06 
3.5282651E-01	7.77148E-05	6.75694E-06 
3.5310137E-01	7.20764E-05	6.74856E-06 
3.5337624E-01	7.21403E-05	6.74448E-06 
3.5365111E-01	7.13490E-05	6.74607E-06 
3.5392597E-01	7.11537E-05	6.72743E-06 
3.5420084E-01	6.64709E-05	6.71657E-06 
3.5447574E-01	7.03449E-05	6.70714E-06 
3.547506E-01	7.73284E-05	6.71919E-06 
3.5502547E-01	6.86079E-05	6.71015E-06 
3.5530034E-01	7.43476E-05	6.72262E-06 
3.555752E-01	7.46444E-05	6.71587E-06 
3.5585007E-01	6.78918E-05	6.69903E-06 
3.5612494E-01	7.79643E-05	6.72685E-06 
3.5639983E-01	6.30013E-05	6.69510E-06 
3.566747E-01	7.64157E-05	6.70066E-06 
3.5694957E-01	6.55216E-05	6.68192E-06 
3.5722443E-01	6.11201E-05	6.68642E-06 
3.574993E-01	7.29833E-05	6.70495E-06 
3.5777417E-01	8.09385E-05	6.70983E-06 
3.5804904E-01	7.95022E-05	6.70132E-06 
3.5832393E-01	8.00451E-05	6.68820E-06 
3.585988E-01	7.65424E-05	6.68931E-06 
3.5887367E-01	7.05716E-05	6.68231E-06 
3.5914853E-01	7.55696E-05	6.68253E-06 
3.594234E-01	8.22913E-05	6.69375E-06 
3.5969827E-01	8.27631E-05	6.69731E-06 
3.5997313E-01	7.18177E-05	6.67814E-06 
3.6024803E-01	6.95456E-05	6.66159E-06 
3.605229E-01	7.21615E-05	6.66470E-06 
3.6079776E-01	7.11537E-05	6.66623E-06 
3.6107263E-01	7.06963E-05	6.67559E-06 
3.613475E-01	5.99015E-05	6.65424E-06 
3.6162236E-01	6.01327E-05	6.65237E-06 
3.6189723E-01	6.97956E-05	6.67571E-06 
3.6217213E-01	5.72218E-05	6.65337E-06 
3.6244699E-01	7.28696E-05	6.69694E-06 
3.6272186E-01	6.34327E-05	6.67066E-06 
3.6299673E-01	5.01357E-05	6.66447E-06 
3.6327159E-01	6.55354E-05	6.69834E-06 
3.6354646E-01	8.13367E-05	6.72634E-06 
3.6382133E-01	6.49720E-05	6.68763E-06 
3.6409622E-01	6.91793E-05	6.72026E-06 
3.6437109E-01	6.53225E-05	6.72562E-06 
3.6464596E-01	6.57232E-05	6.73270E-06 
3.6492082E-01	7.53036E-05	6.75805E-06 
3.6519569E-01	6.91507E-05	6.74735E-06 
3.6547056E-01	6.24561E-05	6.74840E-06 
3.6574543E-01	6.50652E-05	6.76934E-06 
3.6602032E-01	6.05889E-05	6.77645E-06 
3.6629519E-01	6.47627E-05	6.77504E-06 
3.6657006E-01	6.86458E-05	6.78128E-06 
3.6684492E-01	6.44999E-05	6.78913E-06 
3.6711979E-01	7.40067E-05	6.81608E-06 
3.6739466E-01	6.42791E-05	6.80836E-06 
3.6766955E-01	7.37075E-05	6.84353E-06 
3.6794442E-01	5.71322E-05	6.81420E-06 
3.6821929E-01	6.49349E-05	6.83183E-06 
3.6849415E-01	7.23774E-05	6.85149E-06 
3.6876902E-01	7.03883E-05	6.85800E-06 
3.6904389E-01	7.43540E-05	6.88436E-06 
3.6931875E-01	6.71581E-05	6.87899E-06 
3.6959365E-01	6.17761E-05	6.87398E-06 
3.6986852E-01	5.38390E-05	6.87195E-06 
3.7014338E-01	6.44711E-05	6.89871E-06 
3.7041825E-01	7.76910E-05	6.93513E-06 
3.7069312E-01	8.09439E-05	6.95400E-06 
3.7096798E-01	7.40265E-05	6.95073E-06 
3.7124285E-01	7.43229E-05	6.96225E-06 
3.7151775E-01	7.15983E-05	6.96481E-06 
3.7179261E-01	6.12836E-05	6.95263E-06 
3.7206748E-01	5.70083E-05	6.95783E-06 
3.7234235E-01	4.17023E-05	6.94629E-06 
3.7261721E-01	5.24716E-05	6.96392E-06 
3.7289208E-01	6.69157E-05	7.00370E-06 
3.7316695E-01	6.33823E-05	7.01306E-06 
3.7344185E-01	5.16962E-05	7.00613E-06 
3.7371671E-01	5.75163E-05	7.01875E-06 
3.7399158E-01	5.26566E-05	7.01476E-06 
3.7426645E-01	7.39872E-05	7.07154E-06 
3.7454131E-01	6.69444E-05	7.07112E-06 
3.7481618E-01	6.00183E-05	7.06594E-06 
3.7509105E-01	6.04376E-05	7.08898E-06 
3.7536594E-01	5.49202E-05	7.08680E-06 
3.7564081E-01	6.15991E-05	7.10301E-06 
3.7591568E-01	6.14361E-05	7.11273E-06 
3.7619054E-01	6.31929E-05	7.13372E-06 
3.7646541E-01	6.22633E-05	7.14863E-06 
3.7674028E-01	6.74222E-05	7.17754E-06 
3.7701514E-01	6.23457E-05	7.16753E-06 
3.7729004E-01	5.16669E-05	7.15750E-06 
3.7756491E-01	6.44501E-05	7.20516E-06 
3.7783977E-01	7.39491E-05	7.23322E-06 
3.7811464E-01	6.68343E-05	7.22906E-06 
3.7838951E-01	7.96470E-05	7.28345E-06 
3.7866437E-01	5.11395E-05	7.22469E-06 
3.7893927E-01	5.28834E-05	7.21983E-06 
3.7921414E-01	7.12078E-05	7.24147E-06 
3.794890E-01	7.89053E-05	7.23612E-06 
3.7976387E-01	7.13791E-05	7.20215E-06 
3.8003874E-01	7.79941E-05	7.20604E-06 
3.8031361E-01	6.60842E-05	7.16794E-06 
3.8058847E-01	6.58271E-05	7.15286E-06 
3.8086337E-01	6.48610E-05	7.15019E-06 
3.8113824E-01	9.05561E-05	7.19857E-06 
3.814131E-01	7.58877E-05	7.19136E-06 
3.8168797E-01	6.99387E-05	7.19895E-06 
3.8196284E-01	7.85743E-05	7.23109E-06 
3.822377E-01	6.97756E-05	7.23216E-06 
3.8251257E-01	6.91506E-05	7.25231E-06 
3.8278747E-01	5.99979E-05	7.24492E-06 
3.8306233E-01	4.19397E-05	7.22579E-06 
3.833372E-01	5.15216E-05	7.27332E-06 
3.8361207E-01	6.37252E-05	7.31395E-06 
3.8388693E-01	5.75880E-05	7.31437E-06 
3.841618E-01	5.76037E-05	7.32880E-06 
3.8443667E-01	9.08233E-05	7.40968E-06 
3.8471156E-01	6.54732E-05	7.37510E-06 
3.8498643E-01	6.03391E-05	7.39867E-06 
3.852613E-01	6.20944E-05	7.41689E-06 
3.8553616E-01	6.31128E-05	7.42702E-06 
3.8581103E-01	5.41100E-05	7.42795E-06 
3.860859E-01	6.44662E-05	7.47225E-06 
3.8636076E-01	7.30255E-05	7.51611E-06 
3.8663566E-01	5.72994E-05	7.49705E-06 
3.8691053E-01	7.00492E-05	7.55439E-06 
3.8718539E-01	6.37139E-05	7.55401E-06 
3.8746026E-01	5.93779E-05	7.55874E-06 
3.8773513E-01	7.28403E-05	7.61094E-06 
3.880100E-01	7.58142E-05	7.63677E-06 
3.8828486E-01	5.95057E-05	7.63442E-06 
3.8855976E-01	5.94477E-05	7.65224E-06 
3.8883463E-01	6.55180E-05	7.69229E-06 
3.8910949E-01	5.87960E-05	7.69801E-06 
3.8938436E-01	5.54809E-05	7.71875E-06 
3.8965923E-01	7.69470E-05	7.78788E-06 
3.8993409E-01	7.02538E-05	7.79481E-06 
3.9020896E-01	6.50288E-05	7.81604E-06 
3.9048386E-01	6.15642E-05	7.82335E-06 
3.9075872E-01	6.07361E-05	7.85667E-06 
3.9103359E-01	6.78047E-05	7.89995E-06 
3.9130846E-01	7.58473E-05	7.93630E-06 
3.9158332E-01	7.24120E-05	7.95803E-06 
3.9185819E-01	5.37132E-05	7.95543E-06 
3.9213309E-01	7.56533E-05	8.01589E-06 
3.9240795E-01	7.17699E-05	8.02593E-06 
3.9268282E-01	7.10574E-05	8.05748E-06 
3.9295769E-01	6.94635E-05	8.08237E-06 
3.9323255E-01	6.43485E-05	8.12754E-06 
3.9350742E-01	6.08382E-05	8.13935E-06 
3.9378229E-01	8.20010E-05	8.22220E-06 
3.9405718E-01	7.40820E-05	8.24534E-06 
3.9433205E-01	6.15097E-05	8.25404E-06 
3.9460692E-01	7.17507E-05	8.30097E-06 
3.9488178E-01	6.52463E-05	8.31279E-06 
3.9515665E-01	7.22538E-05	8.38035E-06 
3.9543152E-01	6.63944E-05	8.43704E-06 
3.9570639E-01	5.80701E-05	8.73461E-06 
3.9598128E-01	5.70301E-05	9.19730E-06 
3.9625615E-01	8.21798E-05	9.56471E-06 
3.9653102E-01	8.20401E-05	9.85996E-06 
3.9680588E-01	6.67410E-05	1.01034E-05 
3.9708075E-01	5.28748E-05	1.03591E-05 
3.9735562E-01	5.99442E-05	1.06807E-05 
3.9763048E-01	5.18758E-05	1.09347E-05 
3.9790538E-01	7.17353E-05	1.13247E-05 
3.9818025E-01	9.01780E-05	1.17176E-05 
3.9845511E-01	5.82722E-05	1.19508E-05 
3.9872998E-01	4.52648E-05	1.23097E-05 
3.9900485E-01	6.93820E-05	1.27830E-05 
3.9927971E-01	8.71870E-05	1.32875E-05 
3.9955458E-01	5.55291E-05	1.36270E-05 
3.9982948E-01	5.67227E-05	1.41447E-05 
4.0010434E-01	6.40682E-05	1.47787E-05 
4.0037921E-01	8.38101E-05	1.42668E-05 
4.0065408E-01	7.22100E-05	1.32154E-05 
4.0092894E-01	6.95787E-05	1.29044E-05 
4.0120381E-01	7.45209E-05	1.27313E-05 
4.0147868E-01	8.23562E-05	1.25231E-05 
4.0175357E-01	7.85696E-05	1.24166E-05 
4.0202844E-01	5.58349E-05	1.23627E-05 
4.0230331E-01	5.75504E-05	1.23794E-05 
4.0257818E-01	6.50951E-05	1.24501E-05 
4.0285304E-01	6.68108E-05	1.25678E-05 
4.0312791E-01	7.48810E-05	1.26721E-05 
4.0340278E-01	6.23910E-05	1.27570E-05 
4.0367767E-01	6.41093E-05	1.27348E-05 
4.0395254E-01	6.36940E-05	1.25429E-05 
4.0422741E-01	5.23691E-05	1.23168E-05 
4.0450227E-01	6.45596E-05	1.21488E-05 
4.0477714E-01	5.45812E-05	1.18808E-05 
4.0505201E-01	6.58083E-05	1.17498E-05 
4.053269E-01	7.22817E-05	1.16023E-05 
4.0560177E-01	6.27164E-05	1.15225E-05 
4.0587664E-01	5.90141E-05	1.16604E-05 
4.061515E-01	6.90663E-05	1.19337E-05 
4.0642637E-01	8.14052E-05	1.22053E-05 
4.0670124E-01	1.18363E-04	1.26605E-05 
4.069761E-01	9.06983E-05	1.29342E-05 
4.072510E-01	7.67740E-05	1.32799E-05 
4.0752587E-01	6.58159E-05	1.36611E-05 
