REMARK 265 
REMARK 265 EXPERIMENT TYPE : X-RAY SOLUTION SCATTERING
REMARK 265 DATA ACQUISITION
REMARK 265              RADIATION SOURCE : BENDING MAGNET 
REMARK 265             SYNCHROTRON (Y/N) : Y 
REMARK 265                      BEAMLINE : B21 DIAMOND LIGHT SOURCE 
REMARK 265
REMARK 265       DATA REDUCTION SOFTWARE : SCATTER (v3.0a)
REMARK 265               SOFTWARE AUTHOR : RP RAMBO
REMARK 265        DATA ANALYSIS SOFTWARE : SCATTER (v3.0a)
REMARK 265               SOFTWARE AUTHOR : RP RAMBO
REMARK 265
REMARK 265 EXPERIMENTAL INFO
REMARK 265  INFORMATION CAN BE ADDED BY DUPLICATING THE NOTE LINE BELOW
REMARK 265
REMARK 265  NOTE :  
REMARK 265
REMARK 265 EXPERIMENTAL DETAILS
REMARK 265 BUFFER COMPOSITION 
REMARK 265          TEMPERATURE (KELVIN) : 298
REMARK 265                            PH : X.X
REMARK 265                 SAMPLE BUFFER : XXX mM HEPES
REMARK 265                 SAMPLE BUFFER : XXX mM KCl
REMARK 265                 SAMPLE BUFFER : X mM TCEP
REMARK 265                 SAMPLE BUFFER : X mM KNitrate
REMARK 265
REMARK 265    COLUMNS : q, I(q), error
REMARK 265          q : defined in inverse Angstroms
4.0149828E-03	7.56930E-03	5.13373E-04 
4.2898539E-03	7.17437E-03	4.20219E-04 
4.5647249E-03	7.35029E-03	3.46954E-04 
4.8395963E-03	7.91978E-03	2.95066E-04 
5.1144673E-03	7.70062E-03	2.54451E-04 
5.3893384E-03	7.55833E-03	2.23221E-04 
5.6642098E-03	7.80532E-03	1.97789E-04 
5.9390808E-03	7.64734E-03	1.74491E-04 
6.2139519E-03	7.37552E-03	1.55936E-04 
6.4888233E-03	7.64567E-03	1.45599E-04 
6.7636943E-03	7.40683E-03	1.33705E-04 
7.0385658E-03	7.44776E-03	1.24094E-04 
7.3134368E-03	7.22866E-03	1.15984E-04 
7.5883078E-03	7.52664E-03	1.09472E-04 
7.8631788E-03	7.24282E-03	1.03127E-04 
8.1380503E-03	7.57856E-03	9.82630E-05 
8.4129218E-03	7.37292E-03	9.33228E-05 
8.6877923E-03	7.54466E-03	8.93327E-05 
8.9626638E-03	7.32480E-03	8.53663E-05 
9.2375353E-03	7.44534E-03	8.28915E-05 
9.5124058E-03	7.27496E-03	7.93117E-05 
9.7872773E-03	7.28295E-03	7.72713E-05 
1.0062149E-02	7.36653E-03	7.46887E-05 
1.0337019E-02	7.34659E-03	7.25336E-05 
1.0611891E-02	7.26748E-03	7.06174E-05 
1.0886762E-02	7.31629E-03	6.90827E-05 
1.1161633E-02	7.32341E-03	6.77166E-05 
1.1436504E-02	7.29467E-03	6.62311E-05 
1.1711376E-02	7.22989E-03	6.49569E-05 
1.1986246E-02	7.16917E-03	6.38198E-05 
1.2261118E-02	7.18724E-03	6.28759E-05 
1.2535989E-02	7.25856E-03	6.21582E-05 
1.281086E-02	7.15507E-03	6.07582E-05 
1.3085731E-02	7.23154E-03	6.02602E-05 
1.3360603E-02	7.17963E-03	5.89619E-05 
1.3635473E-02	7.24898E-03	5.81891E-05 
1.3910345E-02	7.10561E-03	5.73044E-05 
1.4185216E-02	7.07218E-03	5.65361E-05 
1.4460087E-02	7.05845E-03	5.57066E-05 
1.4734958E-02	7.13845E-03	5.51341E-05 
1.500983E-02	7.05079E-03	5.42662E-05 
1.528470E-02	7.06030E-03	5.37177E-05 
1.5559572E-02	6.99295E-03	5.30278E-05 
1.5834443E-02	6.98909E-03	5.25767E-05 
1.6109314E-02	6.90828E-03	5.17664E-05 
1.6384186E-02	6.91108E-03	5.12796E-05 
1.6659057E-02	6.89776E-03	5.06419E-05 
1.6933927E-02	6.86382E-03	5.01281E-05 
1.720880E-02	6.86764E-03	4.97988E-05 
1.748367E-02	6.86176E-03	4.93579E-05 
1.7758541E-02	6.71479E-03	4.85721E-05 
1.8033413E-02	6.68891E-03	4.81526E-05 
1.8308284E-02	6.68164E-03	4.76729E-05 
1.8583154E-02	6.66269E-03	4.72503E-05 
1.8858027E-02	6.62045E-03	4.66650E-05 
1.9132897E-02	6.68815E-03	4.64523E-05 
1.9407768E-02	6.60296E-03	4.57778E-05 
1.968264E-02	6.61988E-03	4.54227E-05 
1.9957511E-02	6.58597E-03	4.51267E-05 
2.0232381E-02	6.53246E-03	4.45958E-05 
2.0507254E-02	6.55797E-03	4.43891E-05 
2.0782124E-02	6.47256E-03	4.37943E-05 
2.1056995E-02	6.40544E-03	4.34446E-05 
2.1331867E-02	6.42221E-03	4.30693E-05 
2.1606738E-02	6.38942E-03	4.26335E-05 
2.1881608E-02	6.31063E-03	4.21869E-05 
2.2156481E-02	6.22931E-03	4.16781E-05 
2.2431351E-02	6.20035E-03	4.14990E-05 
2.2706222E-02	6.23443E-03	4.12011E-05 
2.2981094E-02	6.21555E-03	4.08266E-05 
2.3255965E-02	6.25893E-03	4.07126E-05 
2.3530835E-02	6.18512E-03	4.02794E-05 
2.3805708E-02	6.07925E-03	3.98597E-05 
2.4080578E-02	6.03583E-03	3.95751E-05 
2.4355449E-02	6.04338E-03	3.93233E-05 
2.4630321E-02	6.09632E-03	3.91920E-05 
2.4905192E-02	6.01421E-03	3.87983E-05 
2.5180062E-02	5.95857E-03	3.85117E-05 
2.5454935E-02	5.94237E-03	3.81908E-05 
2.5729805E-02	5.87713E-03	3.79380E-05 
2.6004676E-02	5.84870E-03	3.75883E-05 
2.6279548E-02	5.94117E-03	3.74308E-05 
2.6554419E-02	5.90364E-03	3.71967E-05 
2.6829289E-02	5.78724E-03	3.67528E-05 
2.7104162E-02	5.73511E-03	3.65407E-05 
2.7379032E-02	5.70683E-03	3.62391E-05 
2.7653903E-02	5.65852E-03	3.59599E-05 
2.7928775E-02	5.70075E-03	3.58401E-05 
2.8203646E-02	5.65770E-03	3.55379E-05 
2.8478516E-02	5.62880E-03	3.53563E-05 
2.8753389E-02	5.53668E-03	3.49838E-05 
2.9028259E-02	5.44479E-03	3.46168E-05 
2.930313E-02	5.53336E-03	3.45993E-05 
2.9578002E-02	5.44781E-03	3.42663E-05 
2.9852873E-02	5.36739E-03	3.39854E-05 
3.0127743E-02	5.35727E-03	3.37636E-05 
3.0402616E-02	5.27749E-03	3.34909E-05 
3.0677486E-02	5.34925E-03	3.33769E-05 
3.0952357E-02	5.30613E-03	3.31569E-05 
3.1227229E-02	5.26489E-03	3.29084E-05 
3.1502098E-02	5.25620E-03	3.27773E-05 
3.1776972E-02	5.13898E-03	3.23825E-05 
3.2051843E-02	5.14790E-03	3.22386E-05 
3.2326713E-02	5.12244E-03	3.20421E-05 
3.2601584E-02	5.08401E-03	3.18345E-05 
3.2876454E-02	5.07133E-03	3.16806E-05 
3.3151325E-02	5.01237E-03	3.14309E-05 
3.3426199E-02	4.97508E-03	3.11540E-05 
3.370107E-02	5.02339E-03	3.10858E-05 
3.397594E-02	4.95934E-03	3.08158E-05 
3.4250811E-02	4.87076E-03	3.05156E-05 
3.4525681E-02	4.85278E-03	3.03384E-05 
3.4800552E-02	4.83225E-03	3.01085E-05 
3.5075426E-02	4.75840E-03	2.98252E-05 
3.5350297E-02	4.81628E-03	2.97436E-05 
3.5625167E-02	4.78621E-03	2.95650E-05 
3.5900038E-02	4.73686E-03	2.93116E-05 
3.6174908E-02	4.67937E-03	2.90458E-05 
3.6449779E-02	4.63438E-03	2.88499E-05 
3.6724653E-02	4.63037E-03	2.86831E-05 
3.6999524E-02	4.62166E-03	2.85479E-05 
3.7274394E-02	4.57884E-03	2.82870E-05 
3.7549265E-02	4.52657E-03	2.80835E-05 
3.7824135E-02	4.46496E-03	2.78097E-05 
3.8099006E-02	4.45091E-03	2.76478E-05 
3.837388E-02	4.46641E-03	2.75505E-05 
3.8648751E-02	4.41396E-03	2.72651E-05 
3.8923621E-02	4.41004E-03	2.71830E-05 
3.9198492E-02	4.30705E-03	2.68595E-05 
3.9473362E-02	4.29543E-03	2.67036E-05 
3.9748233E-02	4.22694E-03	2.64467E-05 
4.0023107E-02	4.22584E-03	2.62657E-05 
4.0297978E-02	4.22603E-03	2.61640E-05 
4.0572848E-02	4.22773E-03	2.59974E-05 
4.0847719E-02	4.18264E-03	2.57886E-05 
4.1122589E-02	4.14053E-03	2.56291E-05 
4.139746E-02	4.07840E-03	2.53342E-05 
4.1672334E-02	4.06585E-03	2.51925E-05 
4.1947205E-02	4.05142E-03	2.50098E-05 
4.2222075E-02	4.07756E-03	2.49615E-05 
4.2496946E-02	4.00185E-03	2.47061E-05 
4.2771816E-02	3.91413E-03	2.44194E-05 
4.3046687E-02	3.89844E-03	2.43102E-05 
4.3321561E-02	3.89505E-03	2.41324E-05 
4.3596432E-02	3.87871E-03	2.40434E-05 
4.3871302E-02	3.83380E-03	2.38711E-05 
4.4146173E-02	3.80699E-03	2.37154E-05 
4.4421043E-02	3.73812E-03	2.34920E-05 
4.4695914E-02	3.75724E-03	2.34279E-05 
4.4970788E-02	3.72066E-03	2.32964E-05 
4.5245659E-02	3.69731E-03	2.31353E-05 
4.5520529E-02	3.67276E-03	2.30041E-05 
4.579540E-02	3.64238E-03	2.28969E-05 
4.607027E-02	3.62703E-03	2.32226E-05 
4.6345141E-02	3.59762E-03	2.38483E-05 
4.6620015E-02	3.62305E-03	2.41809E-05 
4.6894886E-02	3.54759E-03	2.43750E-05 
4.7169756E-02	3.51347E-03	2.44952E-05 
4.7444627E-02	3.45493E-03	2.45713E-05 
4.7719497E-02	3.45468E-03	2.47595E-05 
4.7994372E-02	3.42053E-03	2.47867E-05 
4.8269242E-02	3.37548E-03	2.48681E-05 
4.8544113E-02	3.34767E-03	2.49003E-05 
4.8818983E-02	3.37712E-03	2.51065E-05 
4.9093854E-02	3.33344E-03	2.51756E-05 
4.9368724E-02	3.26101E-03	2.51059E-05 
4.9643598E-02	3.24930E-03	2.51559E-05 
4.9918469E-02	3.26055E-03	2.52517E-05 
5.019334E-02	3.16305E-03	2.51524E-05 
5.046821E-02	3.17941E-03	2.52891E-05 
5.0743081E-02	3.16524E-03	2.45975E-05 
5.1017951E-02	3.21439E-03	2.38684E-05 
5.1292825E-02	3.12160E-03	2.31860E-05 
5.1567696E-02	3.08508E-03	2.27710E-05 
5.1842567E-02	3.06044E-03	2.24897E-05 
5.2117437E-02	3.00994E-03	2.21820E-05 
5.2392308E-02	3.00804E-03	2.20314E-05 
5.2667178E-02	3.00745E-03	2.18371E-05 
5.2942052E-02	2.95745E-03	2.15958E-05 
5.3216923E-02	2.91608E-03	2.13347E-05 
5.3491794E-02	2.90545E-03	2.11760E-05 
5.3766664E-02	2.88906E-03	2.10433E-05 
5.4041535E-02	2.88160E-03	2.08493E-05 
5.4316405E-02	2.85577E-03	2.07249E-05 
5.4591279E-02	2.83560E-03	2.05926E-05 
5.486615E-02	2.81401E-03	2.04488E-05 
5.5141021E-02	2.76207E-03	2.02303E-05 
5.5415891E-02	2.72778E-03	2.00754E-05 
5.5690762E-02	2.74839E-03	2.00661E-05 
5.5965632E-02	2.66677E-03	1.97841E-05 
5.6240506E-02	2.67823E-03	1.97630E-05 
5.6515377E-02	2.65910E-03	1.96479E-05 
5.6790248E-02	2.62702E-03	1.95125E-05 
5.7065118E-02	2.58524E-03	1.93874E-05 
5.7339989E-02	2.56230E-03	1.92560E-05 
5.7614859E-02	2.57821E-03	1.92200E-05 
5.7889733E-02	2.56192E-03	1.91045E-05 
5.8164604E-02	2.56763E-03	1.90469E-05 
5.8439475E-02	2.50487E-03	1.89118E-05 
5.8714345E-02	2.47808E-03	1.87933E-05 
5.8989216E-02	2.44931E-03	1.86852E-05 
5.9264086E-02	2.48043E-03	1.86956E-05 
5.953896E-02	2.41429E-03	1.85186E-05 
5.9813831E-02	2.39997E-03	1.84463E-05 
6.0088702E-02	2.38700E-03	1.83576E-05 
6.0363572E-02	2.35280E-03	1.82676E-05 
6.0638443E-02	2.32315E-03	1.81863E-05 
6.0913313E-02	2.28894E-03	1.80865E-05 
6.1188187E-02	2.25401E-03	1.79392E-05 
6.1463058E-02	2.23138E-03	1.78757E-05 
6.1737929E-02	2.22677E-03	1.77793E-05 
6.2012799E-02	2.20368E-03	1.76519E-05 
6.228767E-02	2.19545E-03	1.76463E-05 
6.256254E-02	2.18525E-03	1.75442E-05 
6.2837414E-02	2.15552E-03	1.74681E-05 
6.3112281E-02	2.11122E-03	1.73362E-05 
6.3387156E-02	2.09346E-03	1.72606E-05 
6.366203E-02	2.08147E-03	1.71907E-05 
6.3936897E-02	2.08309E-03	1.71596E-05 
6.4211771E-02	2.06723E-03	1.70721E-05 
6.4486638E-02	2.05416E-03	1.69728E-05 
6.4761512E-02	2.01255E-03	1.68611E-05 
6.5036379E-02	1.98486E-03	1.67526E-05 
6.5311253E-02	1.96011E-03	1.66810E-05 
6.5586127E-02	1.94619E-03	1.66331E-05 
6.5860994E-02	1.90721E-03	1.64964E-05 
6.6135868E-02	1.90261E-03	1.64557E-05 
6.6410735E-02	1.87242E-03	1.63634E-05 
6.668561E-02	1.86367E-03	1.63126E-05 
6.6960484E-02	1.85846E-03	1.62607E-05 
6.7235351E-02	1.83814E-03	1.61636E-05 
6.7510225E-02	1.84708E-03	1.61404E-05 
6.7785092E-02	1.82302E-03	1.60373E-05 
6.8059966E-02	1.81302E-03	1.60022E-05 
6.8334833E-02	1.77461E-03	1.58893E-05 
6.8609707E-02	1.74881E-03	1.58090E-05 
6.8884581E-02	1.74771E-03	1.57451E-05 
6.9159448E-02	1.74248E-03	1.56805E-05 
6.9434322E-02	1.70989E-03	1.56286E-05 
6.9709189E-02	1.68938E-03	1.56362E-05 
6.9984064E-02	1.66150E-03	1.56293E-05 
7.0258938E-02	1.66540E-03	1.56810E-05 
7.0533805E-02	1.62274E-03	1.56599E-05 
7.0808679E-02	1.61514E-03	1.56707E-05 
7.1083546E-02	1.59709E-03	1.56799E-05 
7.135842E-02	1.60363E-03	1.56855E-05 
7.1633287E-02	1.59216E-03	1.56843E-05 
7.1908161E-02	1.57784E-03	1.56007E-05 
7.2183035E-02	1.54042E-03	1.55005E-05 
7.2457902E-02	1.51304E-03	1.54010E-05 
7.2732776E-02	1.50609E-03	1.53250E-05 
7.3007643E-02	1.52039E-03	1.52926E-05 
7.3282517E-02	1.49605E-03	1.51881E-05 
7.3557392E-02	1.50564E-03	1.51673E-05 
7.3832259E-02	1.45260E-03	1.50195E-05 
7.4107133E-02	1.44603E-03	1.49834E-05 
7.438200E-02	1.41930E-03	1.48741E-05 
7.4656874E-02	1.43329E-03	1.48619E-05 
7.4931741E-02	1.40142E-03	1.47650E-05 
7.5206615E-02	1.36543E-03	1.46601E-05 
7.5481489E-02	1.34453E-03	1.45810E-05 
7.5756356E-02	1.34781E-03	1.45499E-05 
7.603123E-02	1.35508E-03	1.45198E-05 
7.6306097E-02	1.34334E-03	1.44385E-05 
7.6580971E-02	1.32573E-03	1.43574E-05 
7.6855846E-02	1.28710E-03	1.42704E-05 
7.7130713E-02	1.27802E-03	1.42224E-05 
7.7405587E-02	1.24828E-03	1.41459E-05 
7.7680454E-02	1.26007E-03	1.40997E-05 
7.7955328E-02	1.24411E-03	1.40230E-05 
7.8230195E-02	1.21792E-03	1.39702E-05 
7.8505069E-02	1.21320E-03	1.39047E-05 
7.8779943E-02	1.23381E-03	1.39136E-05 
7.905481E-02	1.20278E-03	1.38248E-05 
7.9329684E-02	1.16280E-03	1.37116E-05 
7.9604551E-02	1.16984E-03	1.36784E-05 
7.9879425E-02	1.16206E-03	1.36349E-05 
8.015430E-02	1.13138E-03	1.35608E-05 
8.0429167E-02	1.10935E-03	1.34727E-05 
8.0704041E-02	1.11343E-03	1.34351E-05 
8.0978908E-02	1.11689E-03	1.34278E-05 
8.1253782E-02	1.07529E-03	1.32855E-05 
8.1528649E-02	1.08241E-03	1.32427E-05 
8.1803523E-02	1.09689E-03	1.32276E-05 
8.2078397E-02	1.05071E-03	1.30307E-05 
8.2353264E-02	1.07573E-03	1.30087E-05 
8.2628138E-02	1.03125E-03	1.28686E-05 
8.2903005E-02	1.00316E-03	1.28116E-05 
8.3177879E-02	1.01165E-03	1.27709E-05 
8.3452754E-02	1.01619E-03	1.27407E-05 
8.3727621E-02	9.95620E-04	1.26612E-05 
8.4002495E-02	1.00054E-03	1.26515E-05 
8.4277362E-02	9.53960E-04	1.25651E-05 
8.4552236E-02	9.59727E-04	1.25811E-05 
8.4827103E-02	9.58015E-04	1.26146E-05 
8.5101977E-02	9.39412E-04	1.26019E-05 
8.5376851E-02	9.32573E-04	1.25612E-05 
8.5651718E-02	9.16127E-04	1.25245E-05 
8.5926592E-02	8.89744E-04	1.24355E-05 
8.6201459E-02	8.91629E-04	1.24138E-05 
8.6476333E-02	9.01016E-04	1.24068E-05 
8.6751208E-02	8.94491E-04	1.24193E-05 
8.7026075E-02	8.57857E-04	1.22931E-05 
8.7300949E-02	8.34535E-04	1.22150E-05 
8.7575816E-02	8.36518E-04	1.22023E-05 
8.785069E-02	8.22277E-04	1.21210E-05 
8.8125557E-02	8.13101E-04	1.20878E-05 
8.8400431E-02	8.15896E-04	1.21047E-05 
8.8675305E-02	7.96646E-04	1.20180E-05 
8.8950172E-02	7.95583E-04	1.19574E-05 
8.9225046E-02	7.96124E-04	1.19104E-05 
8.9499913E-02	7.84091E-04	1.18828E-05 
8.9774787E-02	7.65824E-04	1.18263E-05 
9.0049662E-02	7.46853E-04	1.17733E-05 
9.0324529E-02	7.61565E-04	1.17669E-05 
9.0599403E-02	7.38990E-04	1.16903E-05 
9.087427E-02	7.39931E-04	1.16850E-05 
9.1149144E-02	7.54077E-04	1.16828E-05 
9.1424011E-02	6.96942E-04	1.15724E-05 
9.1698885E-02	7.01820E-04	1.15413E-05 
9.1973759E-02	7.22420E-04	1.15533E-05 
9.2248626E-02	6.72198E-04	1.14537E-05 
9.252350E-02	6.67678E-04	1.14417E-05 
9.2798367E-02	6.61673E-04	1.14029E-05 
9.3073241E-02	6.56557E-04	1.13516E-05 
9.3348116E-02	6.70482E-04	1.13555E-05 
9.3622983E-02	6.50537E-04	1.12855E-05 
9.3897857E-02	6.51112E-04	1.13947E-05 
9.4172724E-02	6.21116E-04	1.12934E-05 
9.4447598E-02	6.21443E-04	1.12015E-05 
9.4722465E-02	6.21195E-04	1.11820E-05 
9.4997339E-02	6.37467E-04	1.11944E-05 
9.5272213E-02	6.05017E-04	1.11178E-05 
9.554708E-02	6.05134E-04	1.11293E-05 
9.5821954E-02	5.95746E-04	1.10857E-05 
9.6096821E-02	5.96437E-04	1.10517E-05 
9.6371695E-02	5.83790E-04	1.10221E-05 
9.664657E-02	5.80949E-04	1.10206E-05 
9.6921436E-02	5.55856E-04	1.09728E-05 
9.7196311E-02	5.58749E-04	1.09775E-05 
9.7471178E-02	5.55089E-04	1.09579E-05 
9.7746052E-02	5.58435E-04	1.09263E-05 
9.8020919E-02	5.35453E-04	1.09000E-05 
9.8295793E-02	5.24843E-04	1.08665E-05 
9.8570667E-02	5.14433E-04	1.08387E-05 
9.8845534E-02	5.31728E-04	1.08676E-05 
9.9120408E-02	5.06452E-04	1.07905E-05 
9.9395275E-02	5.04181E-04	1.07878E-05 
9.9670149E-02	5.04515E-04	1.07601E-05 
9.9945024E-02	4.86637E-04	1.07015E-05 
1.0021989E-01	4.90215E-04	1.07082E-05 
1.0049476E-01	4.73520E-04	1.06547E-05 
1.0076963E-01	4.69249E-04	1.06797E-05 
1.0104451E-01	4.54582E-04	1.06335E-05 
1.0131937E-01	4.81059E-04	1.06922E-05 
1.0159425E-01	4.61545E-04	1.06667E-05 
1.0186912E-01	4.69887E-04	1.06731E-05 
1.0214399E-01	4.67689E-04	1.06648E-05 
1.0241886E-01	4.51274E-04	1.06340E-05 
1.0269373E-01	4.31179E-04	1.05981E-05 
1.029686E-01	4.44480E-04	1.05916E-05 
1.0324348E-01	4.42519E-04	1.05942E-05 
1.0351834E-01	4.26313E-04	1.05231E-05 
1.0379322E-01	4.50135E-04	1.05632E-05 
1.0406809E-01	4.31661E-04	1.05544E-05 
1.0434296E-01	4.09358E-04	1.06787E-05 
1.0461783E-01	4.16889E-04	1.09128E-05 
1.048927E-01	3.88987E-04	1.09983E-05 
1.0516758E-01	3.81948E-04	1.11169E-05 
1.0544244E-01	3.81344E-04	1.11699E-05 
1.0571732E-01	3.75707E-04	1.12122E-05 
1.0599218E-01	3.79381E-04	1.12678E-05 
1.0626706E-01	3.84551E-04	1.12877E-05 
1.0654193E-01	3.87012E-04	1.13591E-05 
1.068168E-01	3.71793E-04	1.13868E-05 
1.0709167E-01	3.63127E-04	1.13693E-05 
1.0736654E-01	3.48493E-04	1.13919E-05 
1.0764141E-01	3.60070E-04	1.13659E-05 
1.0791628E-01	3.70534E-04	1.13471E-05 
1.0819115E-01	3.74525E-04	1.13325E-05 
1.0846603E-01	3.61507E-04	1.13289E-05 
1.087409E-01	3.52117E-04	1.13490E-05 
1.0901577E-01	3.50461E-04	1.12462E-05 
1.0929064E-01	3.28472E-04	1.09801E-05 
1.0956551E-01	3.31002E-04	1.08435E-05 
1.0984039E-01	3.39755E-04	1.07609E-05 
1.1011525E-01	3.26822E-04	1.07334E-05 
1.1039013E-01	3.27213E-04	1.05082E-05 
1.1066499E-01	3.24206E-04	1.04054E-05 
1.1093987E-01	3.20945E-04	1.03250E-05 
1.1121473E-01	2.95780E-04	1.02310E-05 
1.1148961E-01	2.92656E-04	1.01783E-05 
1.1176448E-01	2.97331E-04	1.01243E-05 
1.1203935E-01	2.88452E-04	1.00973E-05 
1.1231422E-01	2.93085E-04	1.00570E-05 
1.1258909E-01	2.88310E-04	1.00227E-05 
1.1286397E-01	2.85956E-04	9.99214E-06 
1.1313884E-01	2.73020E-04	9.93641E-06 
1.1341371E-01	2.77931E-04	9.91304E-06 
1.1368858E-01	2.76688E-04	9.88258E-06 
1.1396345E-01	2.93688E-04	9.87499E-06 
1.1423832E-01	2.81820E-04	9.82380E-06 
1.145132E-01	2.62622E-04	9.76545E-06 
1.1478806E-01	2.69889E-04	9.75519E-06 
1.1506294E-01	2.68264E-04	9.74049E-06 
1.153378E-01	2.67589E-04	9.70719E-06 
1.1561268E-01	2.73463E-04	9.67395E-06 
1.1588755E-01	2.70399E-04	9.65447E-06 
1.1616242E-01	2.61037E-04	9.59886E-06 
1.1643729E-01	2.51955E-04	9.57372E-06 
1.1671216E-01	2.43505E-04	9.54720E-06 
1.1698703E-01	2.48190E-04	9.51514E-06 
1.172619E-01	2.61512E-04	9.51815E-06 
1.1753678E-01	2.58864E-04	9.47459E-06 
1.1781165E-01	2.24262E-04	9.41063E-06 
1.1808652E-01	2.32245E-04	9.42153E-06 
1.1836139E-01	2.40056E-04	9.39059E-06 
1.1863626E-01	2.36661E-04	9.37306E-06 
1.1891113E-01	2.59220E-04	9.40330E-06 
1.191860E-01	2.37217E-04	9.32656E-06 
1.1946087E-01	2.43558E-04	9.32572E-06 
1.1973575E-01	2.25335E-04	9.27021E-06 
1.2001061E-01	2.11391E-04	9.24989E-06 
1.2028549E-01	2.15747E-04	9.22325E-06 
1.2056036E-01	1.99244E-04	9.18200E-06 
1.2083523E-01	2.16497E-04	9.19597E-06 
1.211101E-01	2.10720E-04	9.16088E-06 
1.2138497E-01	2.29550E-04	9.18550E-06 
1.2165985E-01	2.23295E-04	9.14515E-06 
1.2193471E-01	2.24139E-04	9.13057E-06 
1.2220959E-01	2.32134E-04	9.13394E-06 
1.2248445E-01	2.13778E-04	9.07390E-06 
1.2275933E-01	2.08892E-04	9.05329E-06 
1.230342E-01	2.17002E-04	9.05478E-06 
1.2330907E-01	2.13353E-04	9.03258E-06 
1.2358394E-01	1.93262E-04	8.97982E-06 
1.2385881E-01	1.89372E-04	8.95991E-06 
1.2413368E-01	2.04739E-04	8.94424E-06 
1.2440856E-01	2.06883E-04	8.92009E-06 
1.2468342E-01	1.96466E-04	8.86383E-06 
1.249583E-01	1.93585E-04	8.82246E-06 
1.2523317E-01	1.92961E-04	8.81020E-06 
1.2550804E-01	2.05413E-04	8.82027E-06 
1.2578291E-01	1.95217E-04	8.78136E-06 
1.2605779E-01	2.07840E-04	8.79361E-06 
1.2633266E-01	2.05124E-04	8.77958E-06 
1.2660752E-01	1.92931E-04	8.75266E-06 
1.2688239E-01	1.89034E-04	8.72675E-06 
1.2715727E-01	1.79666E-04	8.70453E-06 
1.2743214E-01	1.89028E-04	8.70852E-06 
1.277070E-01	1.78279E-04	8.66595E-06 
1.2798189E-01	1.73616E-04	8.67074E-06 
1.2825675E-01	1.63185E-04	8.65092E-06 
1.2853162E-01	1.55502E-04	8.64011E-06 
1.2880649E-01	1.65131E-04	8.65347E-06 
1.2908137E-01	1.67547E-04	8.65631E-06 
1.2935624E-01	1.70867E-04	8.64742E-06 
1.296311E-01	1.76423E-04	8.63360E-06 
1.2990598E-01	1.75367E-04	8.63308E-06 
1.3018085E-01	1.71056E-04	8.59807E-06 
1.3045572E-01	1.72186E-04	8.60901E-06 
1.3073058E-01	1.66507E-04	8.58240E-06 
1.3100547E-01	1.88240E-04	8.59394E-06 
1.3128033E-01	1.57432E-04	8.53862E-06 
1.315552E-01	1.58066E-04	8.52980E-06 
1.3183008E-01	1.58230E-04	8.53230E-06 
1.3210495E-01	1.79719E-04	8.55035E-06 
1.3237981E-01	1.54793E-04	8.48634E-06 
1.326547E-01	1.64338E-04	8.49158E-06 
1.3292956E-01	1.72053E-04	8.48779E-06 
1.3320443E-01	1.81099E-04	8.48771E-06 
1.334793E-01	1.78978E-04	8.48458E-06 
1.3375418E-01	1.73669E-04	8.47102E-06 
1.3402905E-01	1.66333E-04	8.44786E-06 
1.3430391E-01	1.57494E-04	8.40688E-06 
1.3457879E-01	1.44696E-04	8.38865E-06 
1.3485366E-01	1.45495E-04	8.40439E-06 
1.3512853E-01	1.40237E-04	8.37588E-06 
1.3540339E-01	1.54881E-04	8.37849E-06 
1.3567828E-01	1.56458E-04	8.35971E-06 
1.3595314E-01	1.53909E-04	8.35420E-06 
1.3622801E-01	1.45712E-04	8.39715E-06 
1.3650289E-01	1.56288E-04	8.39232E-06 
1.3677776E-01	1.55928E-04	8.32315E-06 
1.3705263E-01	1.49961E-04	8.29032E-06 
1.3732749E-01	1.48113E-04	8.28842E-06 
1.3760237E-01	1.21985E-04	8.21802E-06 
1.3787724E-01	1.36925E-04	8.23861E-06 
1.3815211E-01	1.46463E-04	8.23448E-06 
1.3842699E-01	1.37429E-04	8.21199E-06 
1.3870186E-01	1.32966E-04	8.18829E-06 
1.3897672E-01	1.25633E-04	8.15912E-06 
1.392516E-01	1.34294E-04	8.16578E-06 
1.3952647E-01	1.57726E-04	8.17307E-06 
1.3980134E-01	1.46023E-04	8.15496E-06 
1.4007621E-01	1.45725E-04	8.14784E-06 
1.4035109E-01	1.43695E-04	8.12673E-06 
1.4062595E-01	1.45392E-04	8.12674E-06 
1.4090082E-01	1.56445E-04	8.11912E-06 
1.411757E-01	1.43593E-04	8.10086E-06 
1.4145057E-01	1.37828E-04	8.08312E-06 
1.4172544E-01	1.35479E-04	8.05840E-06 
1.420003E-01	1.34864E-04	8.05216E-06 
1.4227518E-01	1.13215E-04	8.02082E-06 
1.4255005E-01	1.19713E-04	8.02339E-06 
1.4282492E-01	1.29364E-04	8.00684E-06 
1.430998E-01	1.52651E-04	8.04516E-06 
1.4337467E-01	1.37187E-04	8.00245E-06 
1.4364953E-01	1.18844E-04	7.97404E-06 
1.439244E-01	1.30080E-04	7.99110E-06 
1.4419928E-01	1.33446E-04	7.96824E-06 
1.4447415E-01	1.35725E-04	7.97495E-06 
1.4474902E-01	1.17265E-04	7.93022E-06 
1.450239E-01	1.45676E-04	7.96558E-06 
1.4529876E-01	1.45423E-04	7.96537E-06 
1.4557363E-01	1.34286E-04	7.93569E-06 
1.4584851E-01	1.33521E-04	7.92644E-06 
1.4612338E-01	1.24305E-04	7.89664E-06 
1.4639825E-01	1.17323E-04	7.88300E-06 
1.4667311E-01	1.24530E-04	7.89328E-06 
1.4694799E-01	1.31687E-04	7.90632E-06 
1.4722286E-01	1.31149E-04	7.90340E-06 
1.4749773E-01	1.14768E-04	7.86220E-06 
1.4777261E-01	1.23571E-04	7.87384E-06 
1.4804748E-01	1.27992E-04	7.85813E-06 
1.4832234E-01	1.22558E-04	7.84816E-06 
1.4859721E-01	1.01329E-04	7.82949E-06 
1.4887209E-01	1.20347E-04	7.84557E-06 
1.4914696E-01	1.21573E-04	7.82531E-06 
1.4942183E-01	1.24221E-04	7.83400E-06 
1.4969671E-01	1.15759E-04	7.80066E-06 
1.4997157E-01	1.15275E-04	7.80709E-06 
1.5024644E-01	1.15816E-04	7.80187E-06 
1.5052131E-01	1.04080E-04	7.76003E-06 
1.5079619E-01	1.14422E-04	7.78455E-06 
1.5107106E-01	1.07251E-04	7.83628E-06 
1.5134592E-01	1.07135E-04	7.82438E-06 
1.5162081E-01	1.07180E-04	7.77130E-06 
1.5189567E-01	1.01291E-04	7.81408E-06 
1.5217054E-01	1.21213E-04	7.86355E-06 
1.5244542E-01	1.39588E-04	7.89546E-06 
1.5272029E-01	1.16848E-04	7.79383E-06 
1.5299515E-01	1.09912E-04	7.77234E-06 
1.5327002E-01	1.04305E-04	7.68883E-06 
1.535449E-01	1.07474E-04	7.66074E-06 
1.5381977E-01	1.06146E-04	7.65996E-06 
1.5409464E-01	1.20780E-04	7.66517E-06 
1.5436952E-01	1.14026E-04	7.65387E-06 
1.5464438E-01	1.01856E-04	7.62086E-06 
1.5491925E-01	1.05070E-04	7.63472E-06 
1.5519412E-01	1.07539E-04	7.62236E-06 
1.554690E-01	1.05595E-04	7.60481E-06 
1.5574387E-01	1.10206E-04	7.61110E-06 
1.5601873E-01	9.31463E-05	7.56772E-06 
1.5629362E-01	9.79843E-05	7.56696E-06 
1.5656848E-01	1.00007E-04	7.56400E-06 
1.5684335E-01	1.13397E-04	7.56862E-06 
1.5711822E-01	1.27903E-04	7.58535E-06 
1.573931E-01	1.15950E-04	7.54880E-06 
1.5766796E-01	1.01188E-04	7.52957E-06 
1.5794283E-01	1.04484E-04	7.52416E-06 
1.5821771E-01	1.07065E-04	7.51578E-06 
1.5849258E-01	1.09502E-04	7.52874E-06 
1.5876745E-01	8.60523E-05	7.47218E-06 
1.5904233E-01	1.00351E-04	7.49344E-06 
1.593172E-01	1.04681E-04	7.47975E-06 
1.5959206E-01	1.01250E-04	7.48127E-06 
1.5986693E-01	9.84842E-05	7.46385E-06 
1.6014181E-01	1.06995E-04	7.46540E-06 
1.6041668E-01	9.77916E-05	7.43647E-06 
1.6069154E-01	1.09068E-04	7.45846E-06 
1.6096643E-01	9.83968E-05	7.43128E-06 
1.6124129E-01	1.04226E-04	7.42632E-06 
1.6151616E-01	9.95046E-05	7.41062E-06 
1.6179103E-01	9.98025E-05	7.39800E-06 
1.6206591E-01	9.74009E-05	7.38842E-06 
1.6234078E-01	9.12780E-05	7.38374E-06 
1.6261564E-01	1.02481E-04	7.48966E-06 
1.6289052E-01	1.11289E-04	7.61582E-06 
1.6316539E-01	9.40971E-05	7.66611E-06 
1.6344026E-01	8.98896E-05	7.71976E-06 
1.6371512E-01	8.75608E-05	7.76397E-06 
1.6399001E-01	9.08335E-05	7.79695E-06 
1.6426487E-01	1.10296E-04	7.85512E-06 
1.6453974E-01	9.11185E-05	7.87212E-06 
1.6481462E-01	9.40757E-05	7.89715E-06 
1.6508949E-01	9.21839E-05	7.92875E-06 
1.6536435E-01	8.91875E-05	7.95006E-06 
1.6563924E-01	9.87181E-05	8.00736E-06 
1.659141E-01	9.66562E-05	8.00006E-06 
1.6618897E-01	8.47128E-05	7.97817E-06 
1.6646384E-01	9.07522E-05	8.01896E-06 
1.6673872E-01	9.19132E-05	8.02819E-06 
1.6701359E-01	8.33293E-05	8.03501E-06 
1.6728845E-01	9.18118E-05	7.95532E-06 
1.6756333E-01	1.07562E-04	7.83992E-06 
1.678382E-01	1.03652E-04	7.77215E-06 
1.6811307E-01	9.79951E-05	7.69516E-06 
1.6838793E-01	9.37709E-05	7.64740E-06 
1.6866282E-01	8.79636E-05	7.60881E-06 
1.6893768E-01	9.35224E-05	7.58401E-06 
1.6921255E-01	8.97396E-05	7.54481E-06 
1.6948743E-01	9.39673E-05	7.52175E-06 
1.697623E-01	8.50596E-05	7.48957E-06 
1.7003717E-01	8.13975E-05	7.46215E-06 
1.7031203E-01	9.45698E-05	7.46068E-06 
1.7058691E-01	8.52111E-05	7.42860E-06 
1.7086178E-01	8.80477E-05	7.41337E-06 
1.7113665E-01	6.43590E-05	7.36439E-06 
1.7141153E-01	6.38539E-05	7.34383E-06 
1.716864E-01	7.41599E-05	7.34310E-06 
1.7196126E-01	7.79648E-05	7.32923E-06 
1.7223614E-01	7.69446E-05	7.31705E-06 
1.7251101E-01	7.53680E-05	7.29799E-06 
1.7278588E-01	7.52338E-05	7.27617E-06 
1.7306075E-01	8.16056E-05	7.27572E-06 
1.7333563E-01	8.64610E-05	7.27276E-06 
1.7361049E-01	7.48083E-05	7.23145E-06 
1.7388536E-01	7.77907E-05	7.23094E-06 
1.7416024E-01	7.79789E-05	7.21191E-06 
1.7443511E-01	7.90857E-05	7.21213E-06 
1.7470998E-01	8.69300E-05	7.21523E-06 
1.7498484E-01	7.26882E-05	7.17411E-06 
1.7525972E-01	8.51980E-05	7.18582E-06 
1.7553459E-01	9.07739E-05	7.16697E-06 
1.7580946E-01	8.47401E-05	7.14751E-06 
1.7608434E-01	8.11085E-05	7.12545E-06 
1.7635921E-01	8.15472E-05	7.10941E-06 
1.7663407E-01	7.70914E-05	7.07255E-06 
1.7690895E-01	7.65793E-05	7.06917E-06 
1.7718382E-01	7.48001E-05	7.06527E-06 
1.7745869E-01	7.31868E-05	7.04367E-06 
1.7773356E-01	7.88650E-05	7.03756E-06 
1.7800844E-01	7.19288E-05	7.01068E-06 
1.782833E-01	7.24489E-05	7.00155E-06 
1.7855817E-01	8.25070E-05	7.00630E-06 
1.7883305E-01	7.69464E-05	6.98864E-06 
1.7910792E-01	8.39131E-05	6.99378E-06 
1.7938279E-01	8.24743E-05	6.97436E-06 
1.7965765E-01	7.21717E-05	6.95227E-06 
1.7993253E-01	7.56645E-05	6.94588E-06 
1.802074E-01	6.99924E-05	6.94603E-06 
1.8048227E-01	7.19450E-05	6.94793E-06 
1.8075715E-01	8.29855E-05	6.95980E-06 
1.8103202E-01	6.26664E-05	6.93336E-06 
1.8130688E-01	6.05730E-05	6.93079E-06 
1.8158175E-01	7.08682E-05	6.94047E-06 
1.8185663E-01	6.01441E-05	6.91954E-06 
1.821315E-01	6.63370E-05	6.93175E-06 
1.8240637E-01	6.65185E-05	6.92977E-06 
1.8268125E-01	6.43191E-05	6.91076E-06 
1.8295611E-01	6.48720E-05	6.92186E-06 
1.8323098E-01	7.18399E-05	6.92220E-06 
1.8350586E-01	7.31965E-05	6.89756E-06 
1.8378073E-01	6.66825E-05	6.88952E-06 
1.840556E-01	6.87815E-05	6.87676E-06 
1.8433046E-01	6.32199E-05	6.84982E-06 
1.8460535E-01	7.18581E-05	6.83659E-06 
1.8488021E-01	6.93155E-05	6.83669E-06 
1.8515508E-01	6.60524E-05	6.82225E-06 
1.8542996E-01	7.86061E-05	6.82960E-06 
1.8570483E-01	7.49611E-05	6.81847E-06 
1.8597969E-01	6.59625E-05	6.78172E-06 
1.8625456E-01	8.09505E-05	6.80230E-06 
1.8652944E-01	6.39743E-05	6.76498E-06 
1.8680431E-01	7.17388E-05	6.75906E-06 
1.8707918E-01	7.09480E-05	6.75632E-06 
1.8735406E-01	6.38194E-05	6.73959E-06 
1.8762892E-01	6.39192E-05	6.78582E-06 
1.8790379E-01	8.65022E-05	6.78310E-06 
1.8817866E-01	7.17266E-05	6.75011E-06 
1.8845354E-01	5.04319E-05	6.72450E-06 
1.8872841E-01	7.48538E-05	6.74393E-06 
1.8900327E-01	7.25498E-05	6.74222E-06 
1.8927816E-01	5.20385E-05	6.70719E-06 
1.8955302E-01	5.91087E-05	6.73112E-06 
1.8982789E-01	6.44475E-05	6.71261E-06 
1.9010277E-01	6.70373E-05	6.68788E-06 
1.9037764E-01	6.64212E-05	6.68100E-06 
1.906525E-01	6.81067E-05	6.66344E-06 
1.9092737E-01	6.47475E-05	6.64693E-06 
1.9120225E-01	6.64095E-05	6.63165E-06 
1.9147712E-01	6.38866E-05	6.61982E-06 
1.9175199E-01	6.41413E-05	6.62237E-06 
1.9202687E-01	5.42360E-05	6.61777E-06 
1.9230174E-01	5.85682E-05	6.60192E-06 
1.925766E-01	7.61167E-05	6.60644E-06 
1.9285147E-01	6.74767E-05	6.59103E-06 
1.9312635E-01	5.90431E-05	6.57245E-06 
1.9340122E-01	5.55042E-05	6.55244E-06 
1.9367608E-01	5.23622E-05	6.54688E-06 
1.9395097E-01	5.49749E-05	6.53362E-06 
1.9422583E-01	5.78275E-05	6.54573E-06 
1.945007E-01	4.99051E-05	6.52094E-06 
1.9477557E-01	6.30160E-05	6.52894E-06 
1.9505045E-01	6.60285E-05	6.52330E-06 
1.9532531E-01	5.49569E-05	6.50837E-06 
1.9560018E-01	5.03913E-05	6.50161E-06 
1.9587506E-01	4.37191E-05	6.47335E-06 
1.9614993E-01	5.91269E-05	6.49673E-06 
1.964248E-01	6.23061E-05	6.48619E-06 
1.9669968E-01	6.61618E-05	6.48214E-06 
1.9697455E-01	5.17813E-05	6.46467E-06 
1.9724941E-01	5.11064E-05	6.45339E-06 
1.9752428E-01	5.71052E-05	6.45318E-06 
1.9779916E-01	6.28579E-05	6.44726E-06 
1.9807403E-01	5.66624E-05	6.43640E-06 
1.9834889E-01	5.55199E-05	6.43482E-06 
1.9862378E-01	5.20944E-05	6.42336E-06 
1.9889864E-01	5.48685E-05	6.42381E-06 
1.9917351E-01	4.85740E-05	6.40715E-06 
1.9944838E-01	5.47754E-05	6.41161E-06 
1.9972326E-01	5.43507E-05	6.40328E-06 
1.9999813E-01	5.33415E-05	6.39559E-06 
2.0027299E-01	5.08405E-05	6.38964E-06 
2.0054787E-01	4.67933E-05	6.37833E-06 
2.0082274E-01	4.94533E-05	6.37407E-06 
2.0109761E-01	5.15701E-05	6.38524E-06 
2.0137247E-01	4.78581E-05	6.36479E-06 
2.0164736E-01	5.30150E-05	6.36862E-06 
2.0192222E-01	5.32016E-05	6.36393E-06 
2.0219709E-01	4.52188E-05	6.34457E-06 
2.0247197E-01	6.04157E-05	6.36908E-06 
2.0274684E-01	5.38517E-05	6.35124E-06 
2.0302171E-01	5.20093E-05	6.34511E-06 
2.0329659E-01	5.52335E-05	6.34313E-06 
2.0357145E-01	5.01583E-05	6.32650E-06 
2.0384632E-01	4.31588E-05	6.31725E-06 
2.0412119E-01	5.13402E-05	6.32840E-06 
2.0439607E-01	4.17512E-05	6.31540E-06 
2.0467094E-01	5.09060E-05	6.31308E-06 
2.049458E-01	6.73889E-05	6.32663E-06 
2.0522068E-01	4.64137E-05	6.29994E-06 
2.0549555E-01	5.80015E-05	6.30296E-06 
2.0577042E-01	5.28258E-05	6.28727E-06 
2.0604528E-01	4.71225E-05	6.28207E-06 
2.0632017E-01	3.82889E-05	6.26818E-06 
2.0659503E-01	5.16460E-05	6.27951E-06 
2.068699E-01	4.08189E-05	6.25759E-06 
2.0714478E-01	4.22256E-05	6.25694E-06 
2.0741965E-01	3.77901E-05	6.23815E-06 
2.0769452E-01	5.80814E-05	6.27051E-06 
2.0796938E-01	6.38505E-05	6.27040E-06 
2.0824426E-01	4.34666E-05	6.23619E-06 
2.0851913E-01	4.88911E-05	6.24576E-06 
2.087940E-01	5.19795E-05	6.23905E-06 
2.0906888E-01	4.30150E-05	6.22455E-06 
2.0934375E-01	5.11564E-05	6.23398E-06 
2.0961861E-01	5.17035E-05	6.23390E-06 
2.0989349E-01	4.24064E-05	6.20927E-06 
2.1016836E-01	5.44365E-05	6.22131E-06 
2.1044323E-01	4.53622E-05	6.21256E-06 
2.107181E-01	5.25230E-05	6.21941E-06 
2.1099298E-01	5.28880E-05	6.22230E-06 
2.1126784E-01	6.42212E-05	6.24739E-06 
2.1154271E-01	4.49520E-05	6.22719E-06 
2.1181759E-01	3.09139E-05	6.21624E-06 
2.1209246E-01	4.40256E-05	6.24381E-06 
2.1236733E-01	5.19170E-05	6.25127E-06 
2.1264219E-01	5.41675E-05	6.25641E-06 
2.1291707E-01	5.28819E-05	6.26657E-06 
2.1319194E-01	4.31076E-05	6.26115E-06 
2.1346681E-01	3.65026E-05	6.26305E-06 
2.1374169E-01	4.36515E-05	6.27233E-06 
2.1401656E-01	5.29779E-05	6.27923E-06 
2.1429142E-01	4.78988E-05	6.28669E-06 
2.1456629E-01	4.35696E-05	6.27866E-06 
2.1484117E-01	3.87881E-05	6.28799E-06 
2.1511604E-01	3.10320E-05	6.27864E-06 
2.1539091E-01	4.36795E-05	6.29242E-06 
2.1566579E-01	4.63123E-05	6.30104E-06 
2.1594065E-01	4.84647E-05	6.30711E-06 
2.1621552E-01	4.82338E-05	6.31549E-06 
2.164904E-01	3.95157E-05	6.30267E-06 
2.1676527E-01	5.11290E-05	6.32302E-06 
2.1704014E-01	4.63866E-05	6.32145E-06 
2.173150E-01	4.37972E-05	6.32401E-06 
2.1758988E-01	4.87973E-05	6.33407E-06 
2.1786475E-01	3.23669E-05	6.31101E-06 
2.1813962E-01	3.18633E-05	6.32157E-06 
2.184145E-01	5.19691E-05	6.34961E-06 
2.1868937E-01	3.98429E-05	6.33902E-06 
2.1896423E-01	2.87265E-05	6.32643E-06 
2.192391E-01	3.66762E-05	6.33043E-06 
2.1951398E-01	3.24201E-05	6.33301E-06 
2.1978885E-01	4.46936E-05	6.35646E-06 
2.2006372E-01	4.51218E-05	6.36027E-06 
2.203386E-01	3.72853E-05	6.35729E-06 
2.2061346E-01	4.55227E-05	6.37380E-06 
2.2088833E-01	3.72182E-05	6.43865E-06 
2.211632E-01	4.20667E-05	6.55924E-06 
2.2143808E-01	2.67152E-05	6.60284E-06 
2.2171295E-01	3.64324E-05	6.66417E-06 
2.2198781E-01	4.31670E-05	6.72799E-06 
2.222627E-01	3.96035E-05	6.76252E-06 
2.2253756E-01	3.40343E-05	6.78902E-06 
2.2281243E-01	4.53369E-05	6.85876E-06 
2.2308731E-01	3.50526E-05	6.87347E-06 
2.2336218E-01	4.41886E-05	6.93332E-06 
2.2363704E-01	3.39679E-05	6.93878E-06 
2.2391191E-01	3.56179E-05	6.96608E-06 
2.2418679E-01	3.86861E-05	7.00980E-06 
2.2446166E-01	3.94750E-05	7.03029E-06 
2.2473653E-01	3.80894E-05	7.05457E-06 
2.2501141E-01	4.84916E-05	7.09279E-06 
2.2528628E-01	2.99705E-05	7.08879E-06 
2.2556114E-01	4.75426E-05	7.05698E-06 
2.2583601E-01	5.59878E-05	6.95104E-06 
2.2611089E-01	3.56887E-05	6.86304E-06 
2.2638576E-01	3.17134E-05	6.81984E-06 
2.2666062E-01	2.73391E-05	6.77875E-06 
2.2693551E-01	4.08835E-05	6.78595E-06 
2.2721037E-01	4.42057E-05	6.76208E-06 
2.2748524E-01	3.21649E-05	6.73575E-06 
2.2776011E-01	3.87496E-05	6.72328E-06 
2.2803499E-01	4.32751E-05	6.71759E-06 
2.2830985E-01	3.96330E-05	6.69532E-06 
2.2858472E-01	3.09331E-05	6.65550E-06 
2.288596E-01	5.12078E-05	6.67273E-06 
2.2913447E-01	3.99981E-05	6.63286E-06 
2.2940934E-01	4.27525E-05	6.62160E-06 
2.2968422E-01	4.27123E-05	6.60920E-06 
2.2995909E-01	1.98476E-05	6.55640E-06 
2.3023395E-01	3.21426E-05	6.57895E-06 
2.3050882E-01	3.92773E-05	6.58554E-06 
2.307837E-01	2.69762E-05	6.54490E-06 
2.3105857E-01	2.70868E-05	6.53289E-06 
2.3133343E-01	4.30701E-05	6.54557E-06 
2.3160832E-01	3.07788E-05	6.52252E-06 
2.3188318E-01	4.54747E-05	6.53199E-06 
2.3215805E-01	4.00584E-05	6.53003E-06 
2.3243292E-01	3.18984E-05	6.51882E-06 
2.327078E-01	2.49949E-05	6.50515E-06 
2.3298267E-01	3.49778E-05	6.51549E-06 
2.3325753E-01	2.96262E-05	6.50471E-06 
2.3353241E-01	4.12949E-05	6.53327E-06 
2.3380728E-01	3.29743E-05	6.50560E-06 
2.3408215E-01	3.29770E-05	6.51412E-06 
2.3435701E-01	2.79393E-05	6.50015E-06 
2.346319E-01	3.22510E-05	6.50651E-06 
2.3490676E-01	3.88399E-05	6.51104E-06 
2.3518163E-01	3.86986E-05	6.51914E-06 
2.3545651E-01	2.68418E-05	6.51126E-06 
2.3573138E-01	3.31080E-05	6.53308E-06 
2.3600625E-01	3.19117E-05	6.53386E-06 
2.3628113E-01	3.33178E-05	6.52087E-06 
2.3655599E-01	2.78238E-05	6.52125E-06 
2.3683086E-01	1.87666E-05	6.50341E-06 
2.3710573E-01	2.47954E-05	6.51623E-06 
2.3738061E-01	3.63785E-05	6.54184E-06 
2.3765548E-01	3.06942E-05	6.52282E-06 
2.3793034E-01	3.41160E-05	6.53575E-06 
2.3820522E-01	2.50040E-05	6.52293E-06 
2.3848009E-01	2.31653E-05	6.52470E-06 
2.3875496E-01	4.18277E-05	6.54092E-06 
2.3902982E-01	3.28244E-05	6.53311E-06 
2.3930471E-01	1.99583E-05	6.51419E-06 
2.3957957E-01	2.29281E-05	6.52062E-06 
2.3985444E-01	2.89920E-05	6.51651E-06 
2.4012932E-01	3.85676E-05	6.54697E-06 
2.4040419E-01	3.05193E-05	6.51847E-06 
2.4067906E-01	3.76982E-05	6.53205E-06 
2.4095392E-01	3.23335E-05	6.52322E-06 
2.412288E-01	3.15573E-05	6.52750E-06 
2.4150367E-01	2.59483E-05	6.51174E-06 
2.4177854E-01	3.60164E-05	6.52347E-06 
2.4205342E-01	3.53954E-05	6.51572E-06 
2.4232829E-01	3.81988E-05	6.53686E-06 
2.4260315E-01	4.09937E-05	6.53203E-06 
2.4287803E-01	4.03186E-05	6.53548E-06 
2.431529E-01	2.37725E-05	6.50313E-06 
2.4342777E-01	2.46885E-05	6.51960E-06 
2.4370264E-01	2.88864E-05	6.51427E-06 
2.4397752E-01	4.10560E-05	6.53133E-06 
2.4425238E-01	4.26954E-05	6.53858E-06 
2.4452725E-01	2.37974E-05	6.50812E-06 
2.4480213E-01	3.03723E-05	6.51880E-06 
2.450770E-01	3.19753E-05	6.52151E-06 
2.4535187E-01	3.01302E-05	6.51660E-06 
2.4562673E-01	3.53378E-05	6.53459E-06 
2.4590161E-01	2.44177E-05	6.50962E-06 
2.4617648E-01	3.27181E-05	6.52164E-06 
2.4645135E-01	2.86756E-05	6.51796E-06 
2.4672623E-01	1.85074E-05	6.50245E-06 
2.470011E-01	2.76383E-05	6.51073E-06 
2.4727596E-01	3.04649E-05	6.51721E-06 
2.4755085E-01	2.67390E-05	6.51336E-06 
2.4782571E-01	3.25666E-05	6.52044E-06 
2.4810058E-01	3.38383E-05	6.52603E-06 
2.4837545E-01	3.36147E-05	6.52136E-06 
2.4865033E-01	2.40863E-05	6.51021E-06 
2.4892519E-01	3.83826E-05	6.53205E-06 
2.4920006E-01	3.21926E-05	6.51732E-06 
2.4947494E-01	2.59712E-05	6.51755E-06 
2.4974981E-01	2.39981E-05	6.51698E-06 
2.5002468E-01	2.22083E-05	6.51438E-06 
2.5029954E-01	2.66187E-05	6.51282E-06 
2.5057441E-01	3.24382E-05	6.52478E-06 
2.5084931E-01	2.35882E-05	6.50435E-06 
2.5112417E-01	3.15938E-05	6.52572E-06 
2.5139904E-01	2.55758E-05	6.52003E-06 
2.5167391E-01	2.05467E-05	6.50918E-06 
2.5194877E-01	2.19231E-05	6.50931E-06 
2.5222364E-01	3.50197E-05	6.53251E-06 
2.5249851E-01	2.51283E-05	6.51116E-06 
2.527734E-01	2.20260E-05	6.51192E-06 
2.5304827E-01	2.55367E-05	6.51565E-06 
2.5332314E-01	2.73425E-05	6.52372E-06 
2.535980E-01	2.54138E-05	6.51463E-06 
2.5387287E-01	2.97970E-05	6.51020E-06 
2.5414774E-01	3.28233E-05	6.52009E-06 
2.5442261E-01	2.60699E-05	6.50815E-06 
2.546975E-01	2.60899E-05	6.52981E-06 
2.5497237E-01	2.42170E-05	6.51045E-06 
2.5524724E-01	2.46251E-05	6.51926E-06 
2.555221E-01	2.20815E-05	6.50689E-06 
2.5579697E-01	3.74366E-05	6.53084E-06 
2.5607184E-01	2.69648E-05	6.52981E-06 
2.563467E-01	2.34710E-05	6.51794E-06 
2.566216E-01	2.50418E-05	6.51918E-06 
2.5689647E-01	2.02016E-05	6.50941E-06 
2.5717133E-01	2.71393E-05	6.53302E-06 
2.574462E-01	3.13814E-05	6.53232E-06 
2.5772107E-01	2.32372E-05	6.51102E-06 
2.5799593E-01	2.25667E-05	6.52028E-06 
2.582708E-01	1.55155E-05	6.50676E-06 
2.585457E-01	1.41780E-05	6.50657E-06 
2.5882056E-01	2.86697E-05	6.53170E-06 
2.5909543E-01	2.91828E-05	6.51699E-06 
2.593703E-01	2.26428E-05	6.51562E-06 
2.5964516E-01	3.52141E-05	6.53952E-06 
2.5992003E-01	3.28341E-05	6.53132E-06 
2.601949E-01	3.20500E-05	6.51206E-06 
2.6046979E-01	3.06272E-05	6.50563E-06 
2.6074466E-01	2.12343E-05	6.50368E-06 
2.6101953E-01	1.25394E-05	6.46531E-06 
2.6129439E-01	2.14136E-05	6.46945E-06 
2.6156926E-01	3.11175E-05	6.48573E-06 
2.6184413E-01	2.14119E-05	6.45696E-06 
2.621190E-01	2.06236E-05	6.44966E-06 
2.6239389E-01	1.91055E-05	6.43643E-06 
2.6266876E-01	1.87666E-05	6.43437E-06 
2.6294363E-01	2.07772E-05	6.43505E-06 
2.6321849E-01	2.88764E-05	6.44200E-06 
2.6349336E-01	2.18099E-05	6.43099E-06 
2.6376823E-01	2.45825E-05	6.43332E-06 
2.6404312E-01	1.80898E-05	6.42956E-06 
2.6431799E-01	2.86970E-05	6.44129E-06 
2.6459286E-01	2.95763E-05	6.45000E-06 
2.6486772E-01	1.80241E-05	6.43327E-06 
2.6514259E-01	2.44249E-05	6.43770E-06 
2.6541746E-01	3.53255E-05	6.44538E-06 
2.6569232E-01	2.61713E-05	6.43807E-06 
2.6596722E-01	3.92949E-05	6.46811E-06 
2.6624209E-01	3.07233E-05	6.45796E-06 
2.6651695E-01	2.80312E-05	6.45944E-06 
2.6679182E-01	2.30840E-05	6.44369E-06 
2.6706669E-01	2.48290E-05	6.45144E-06 
2.6734155E-01	2.76402E-05	6.46493E-06 
2.6761642E-01	2.19002E-05	6.44052E-06 
2.6789132E-01	1.89125E-05	6.44433E-06 
2.6816618E-01	2.70537E-05	6.45169E-06 
2.6844105E-01	2.20775E-05	6.43850E-06 
2.6871592E-01	1.80855E-05	6.44902E-06 
2.6899078E-01	2.86837E-05	6.44845E-06 
2.6926565E-01	2.58094E-05	6.44083E-06 
2.6954052E-01	2.62537E-05	6.44904E-06 
2.6981542E-01	2.95648E-05	6.44926E-06 
2.7009028E-01	4.37173E-05	6.46894E-06 
2.7036515E-01	2.36723E-05	6.43974E-06 
2.7064002E-01	1.04347E-05	6.43764E-06 
2.7091488E-01	1.11349E-05	6.42605E-06 
2.7118975E-01	2.65789E-05	6.44962E-06 
2.7146462E-01	2.02596E-05	6.43623E-06 
2.7173951E-01	2.04917E-05	6.44032E-06 
2.7201438E-01	3.29147E-05	6.46029E-06 
2.7228925E-01	2.81952E-05	6.46169E-06 
2.7256411E-01	1.85603E-05	6.44206E-06 
2.7283898E-01	2.54057E-05	6.45298E-06 
2.7311385E-01	2.07823E-05	6.46013E-06 
2.7338871E-01	3.40107E-05	6.46946E-06 
2.7366361E-01	3.01974E-05	6.45080E-06 
2.7393848E-01	1.63919E-05	6.44726E-06 
2.7421334E-01	3.23899E-05	6.45786E-06 
2.7448821E-01	3.09119E-05	6.45431E-06 
2.7476308E-01	2.76837E-05	6.45886E-06 
2.7503794E-01	1.46337E-05	6.43538E-06 
2.7531281E-01	2.94690E-05	6.45981E-06 
2.7558771E-01	3.45546E-05	6.46324E-06 
2.7586257E-01	3.41835E-05	6.46320E-06 
2.7613744E-01	2.45148E-05	6.45054E-06 
2.7641231E-01	1.05297E-05	6.43609E-06 
2.7668718E-01	2.73324E-05	6.46162E-06 
2.7696204E-01	2.52911E-05	6.45483E-06 
2.7723694E-01	2.70049E-05	6.46237E-06 
2.7751181E-01	1.20159E-05	6.43334E-06 
2.7778667E-01	2.13724E-05	6.45173E-06 
2.7806154E-01	2.76851E-05	6.46097E-06 
2.7833641E-01	2.43408E-05	6.45047E-06 
2.7861127E-01	3.12504E-05	6.47368E-06 
2.7888614E-01	2.50729E-05	6.46427E-06 
2.7916104E-01	2.78704E-05	6.56415E-06 
2.794359E-01	1.95511E-05	6.70473E-06 
2.7971077E-01	2.44747E-05	6.77596E-06 
2.7998564E-01	2.24165E-05	6.85415E-06 
2.802605E-01	1.92676E-05	6.90399E-06 
2.8053537E-01	3.11209E-05	6.98224E-06 
2.8081024E-01	2.69435E-05	7.02454E-06 
2.8108513E-01	3.59276E-05	7.08010E-06 
2.813600E-01	2.59323E-05	7.10362E-06 
2.8163487E-01	1.52824E-05	7.13263E-06 
2.8190973E-01	1.48618E-05	7.17147E-06 
2.821846E-01	2.76710E-05	7.22295E-06 
2.8245947E-01	1.82438E-05	7.25880E-06 
2.8273433E-01	1.95074E-05	7.30250E-06 
2.8300923E-01	1.91150E-05	7.33448E-06 
2.832841E-01	1.39476E-05	7.36987E-06 
2.8355896E-01	2.54612E-05	7.41896E-06 
2.8383383E-01	1.41577E-05	7.32678E-06 
2.841087E-01	2.86203E-05	7.19434E-06 
2.8438357E-01	2.80434E-05	7.12157E-06 
2.8465843E-01	2.18749E-05	7.06370E-06 
2.8493333E-01	1.67180E-05	7.01429E-06 
2.852082E-01	1.70518E-05	6.98304E-06 
2.8548306E-01	1.94175E-05	6.95810E-06 
2.8575793E-01	1.96067E-05	6.93947E-06 
2.860328E-01	3.49434E-05	6.94574E-06 
2.8630766E-01	3.49344E-05	6.92062E-06 
2.8658253E-01	2.06954E-05	6.90104E-06 
2.8685743E-01	4.16308E-05	6.90170E-06 
2.8713229E-01	3.58727E-05	6.87239E-06 
2.8740716E-01	1.81284E-05	6.82420E-06 
2.8768203E-01	1.44806E-05	6.79546E-06 
2.8795689E-01	3.52327E-05	6.81776E-06 
2.8823176E-01	2.96228E-05	6.79571E-06 
2.8850663E-01	1.73457E-05	6.78372E-06 
2.8878152E-01	2.67114E-05	6.77512E-06 
2.8905639E-01	2.43244E-05	6.76803E-06 
2.8933126E-01	2.62949E-05	6.77948E-06 
2.8960612E-01	3.89430E-05	6.78271E-06 
2.8988099E-01	2.97658E-05	6.75311E-06 
2.9015586E-01	2.25959E-05	6.73921E-06 
2.9043075E-01	2.31434E-05	6.73501E-06 
2.9070562E-01	1.72084E-05	6.72767E-06 
2.9098049E-01	2.83520E-05	6.73647E-06 
2.9125535E-01	2.44659E-05	6.71906E-06 
2.9153022E-01	1.98291E-05	6.72116E-06 
2.9180509E-01	2.77889E-05	6.74922E-06 
2.9207996E-01	3.48106E-05	6.76361E-06 
2.9235485E-01	3.07787E-05	6.76350E-06 
2.9262972E-01	1.60998E-05	6.73410E-06 
2.9290459E-01	7.53624E-06	6.71533E-06 
2.9317945E-01	1.82808E-05	6.73470E-06 
2.9345432E-01	2.85412E-05	6.74430E-06 
2.9372919E-01	1.74309E-05	6.70186E-06 
2.9400405E-01	2.97286E-05	6.74158E-06 
2.9427895E-01	2.88090E-05	6.75515E-06 
2.9455382E-01	2.99812E-05	6.73007E-06 
2.9482868E-01	1.52446E-05	6.70383E-06 
2.9510355E-01	1.16016E-05	6.69174E-06 
2.9537842E-01	3.50236E-05	6.73969E-06 
2.9565328E-01	3.04819E-05	6.74905E-06 
2.9592815E-01	2.34527E-05	6.72840E-06 
2.9620305E-01	2.06932E-05	6.71274E-06 
2.9647791E-01	1.86665E-05	6.69985E-06 
2.9675278E-01	2.38430E-05	6.69996E-06 
2.9702765E-01	1.47034E-05	6.68202E-06 
2.9730251E-01	2.09692E-05	6.68938E-06 
2.9757738E-01	2.26666E-05	6.68552E-06 
2.9785225E-01	2.51789E-05	6.69312E-06 
2.9812714E-01	2.25604E-05	6.68742E-06 
2.9840201E-01	1.78460E-05	6.67181E-06 
2.9867688E-01	2.31314E-05	6.67023E-06 
2.9895175E-01	2.05878E-05	6.67590E-06 
2.9922661E-01	1.90573E-05	6.67040E-06 
2.9950148E-01	1.39483E-05	6.65238E-06 
2.9977635E-01	2.61608E-05	6.67302E-06 
3.0005124E-01	3.06053E-05	6.65936E-06 
3.0032611E-01	2.19328E-05	6.64351E-06 
3.0060098E-01	2.64732E-05	6.64404E-06 
3.0087584E-01	2.98679E-05	6.62963E-06 
3.0115071E-01	3.61097E-05	6.62874E-06 
3.0142558E-01	1.75914E-05	6.59549E-06 
3.0170044E-01	2.03259E-05	6.59077E-06 
3.0197534E-01	2.63747E-05	6.58248E-06 
3.0225021E-01	2.17085E-05	6.57040E-06 
3.0252507E-01	1.46522E-05	6.54773E-06 
3.0279994E-01	3.22786E-05	6.56961E-06 
3.0307481E-01	2.86181E-05	6.54642E-06 
3.0334967E-01	2.93369E-05	6.54967E-06 
3.0362457E-01	2.01365E-05	6.53403E-06 
3.0389944E-01	1.90854E-05	6.54022E-06 
3.041743E-01	2.44783E-05	6.54232E-06 
3.0444917E-01	2.61443E-05	6.53890E-06 
3.0472404E-01	1.79470E-05	6.52593E-06 
3.049989E-01	1.64587E-05	6.52731E-06 
3.0527377E-01	2.55714E-05	6.54232E-06 
3.0554867E-01	3.24872E-05	6.54307E-06 
3.0582353E-01	2.63850E-05	6.53969E-06 
3.060984E-01	1.80004E-05	6.51859E-06 
3.0637327E-01	2.92258E-05	6.54112E-06 
3.0664814E-01	2.17375E-05	6.51998E-06 
3.069230E-01	2.13271E-05	6.52282E-06 
3.0719787E-01	2.33871E-05	6.52663E-06 
3.0747277E-01	2.11062E-05	6.51718E-06 
3.0774763E-01	2.26888E-05	6.52709E-06 
3.080225E-01	1.97717E-05	6.52361E-06 
3.0829737E-01	2.08774E-05	6.51723E-06 
3.0857223E-01	1.54311E-05	6.50377E-06 
3.088471E-01	3.33885E-05	6.53890E-06 
3.0912197E-01	4.02728E-05	6.54480E-06 
3.0939686E-01	3.30041E-05	6.52869E-06 
3.0967173E-01	2.66374E-05	6.51733E-06 
3.099466E-01	3.30694E-05	6.52617E-06 
3.1022146E-01	1.07063E-05	6.50025E-06 
3.1049633E-01	2.80951E-05	6.51558E-06 
3.107712E-01	3.11692E-05	6.53244E-06 
3.1104606E-01	2.57823E-05	6.51207E-06 
3.1132096E-01	2.65044E-05	6.51933E-06 
3.1159583E-01	2.16781E-05	6.50942E-06 
3.1187069E-01	1.40484E-05	6.49326E-06 
3.1214556E-01	2.86771E-05	6.51362E-06 
3.1242043E-01	2.52966E-05	6.51734E-06 
3.1269529E-01	2.90464E-05	6.51147E-06 
3.1297016E-01	2.74011E-05	6.52009E-06 
3.1324506E-01	2.23041E-05	6.50055E-06 
3.1351992E-01	2.73390E-05	6.51744E-06 
3.1379479E-01	1.69113E-05	6.50613E-06 
3.1406966E-01	1.73944E-05	6.50289E-06 
3.1434453E-01	2.66182E-05	6.52559E-06 
3.1461939E-01	2.32212E-05	6.52770E-06 
3.1489429E-01	3.08898E-05	6.54642E-06 
3.1516916E-01	2.50905E-05	6.53330E-06 
3.1544402E-01	2.33967E-05	6.52338E-06 
3.1571889E-01	3.12893E-05	6.54055E-06 
3.1599376E-01	3.52779E-05	6.53534E-06 
3.1626862E-01	2.91470E-05	6.52043E-06 
3.1654349E-01	2.81368E-05	6.51857E-06 
3.1681839E-01	3.20176E-05	6.53199E-06 
3.1709325E-01	2.44610E-05	6.50762E-06 
3.1736812E-01	3.03992E-05	6.51654E-06 
3.1764299E-01	2.48409E-05	6.50763E-06 
3.1791785E-01	2.72818E-05	6.51964E-06 
3.1819272E-01	2.97185E-05	6.51987E-06 
3.1846759E-01	1.42548E-05	6.48962E-06 
3.1874248E-01	2.56507E-05	6.51898E-06 
3.1901735E-01	3.07070E-05	6.50947E-06 
3.1929222E-01	3.47950E-05	6.51582E-06 
3.1956708E-01	2.78238E-05	6.51373E-06 
3.1984195E-01	3.34033E-05	6.52301E-06 
3.2011682E-01	2.30729E-05	6.48787E-06 
3.2039168E-01	2.94184E-05	6.50731E-06 
3.2066658E-01	2.05738E-05	6.49872E-06 
3.2094145E-01	1.92584E-05	6.50153E-06 
3.2121632E-01	1.68391E-05	6.49431E-06 
3.2149118E-01	1.65626E-05	6.49655E-06 
3.2176605E-01	2.47248E-05	6.51245E-06 
3.2204092E-01	2.30188E-05	6.49128E-06 
3.2231578E-01	2.64978E-05	6.49789E-06 
3.2259068E-01	2.79346E-05	6.49267E-06 
3.2286555E-01	2.60762E-05	6.49748E-06 
3.2314041E-01	1.88822E-05	6.48857E-06 
3.2341528E-01	2.57034E-05	6.49762E-06 
3.2369015E-01	1.57268E-05	6.47853E-06 
3.2396501E-01	2.01908E-05	6.48315E-06 
3.2423988E-01	1.73846E-05	6.48458E-06 
3.2451478E-01	1.35092E-05	6.48351E-06 
3.2478964E-01	2.51386E-05	6.50314E-06 
3.2506451E-01	2.10826E-05	6.48564E-06 
3.2533938E-01	2.58543E-05	6.49723E-06 
3.2561424E-01	1.18585E-05	6.47741E-06 
3.2588911E-01	2.37329E-05	6.48754E-06 
3.2616398E-01	2.78111E-05	6.49632E-06 
3.2643887E-01	2.22539E-05	6.49595E-06 
3.2671374E-01	2.55985E-05	6.49420E-06 
3.2698861E-01	2.50964E-05	6.48915E-06 
3.2726347E-01	2.69287E-05	6.49773E-06 
3.2753834E-01	1.90427E-05	6.48836E-06 
3.2781321E-01	1.69822E-05	6.48901E-06 
3.280881E-01	2.93254E-05	6.51271E-06 
3.2836297E-01	2.22995E-05	6.48984E-06 
3.2863784E-01	2.45696E-05	6.49766E-06 
3.2891271E-01	2.33630E-05	6.49647E-06 
3.2918757E-01	2.78499E-05	6.49993E-06 
3.2946244E-01	3.21245E-05	6.50719E-06 
3.2973731E-01	2.05946E-05	6.48311E-06 
3.300122E-01	1.36111E-05	6.47581E-06 
3.3028707E-01	2.44806E-05	6.49134E-06 
3.3056194E-01	2.70926E-05	6.49813E-06 
3.308368E-01	1.82187E-05	6.47969E-06 
3.3111167E-01	2.44656E-05	6.49002E-06 
3.3138654E-01	1.98156E-05	6.49851E-06 
3.316614E-01	2.28066E-05	6.49991E-06 
3.319363E-01	1.44751E-05	6.46969E-06 
3.3221117E-01	2.02633E-05	6.47401E-06 
3.3248603E-01	1.11194E-05	6.46801E-06 
3.327609E-01	1.22963E-05	6.46859E-06 
3.3303577E-01	1.61601E-05	6.47003E-06 
3.3331063E-01	2.13160E-05	6.47814E-06 
3.335855E-01	2.02388E-05	6.48692E-06 
3.338604E-01	2.19616E-05	6.48676E-06 
3.3413526E-01	3.24897E-05	6.51020E-06 
3.3441013E-01	1.77432E-05	6.47670E-06 
3.346850E-01	4.28898E-05	6.52205E-06 
3.3495986E-01	3.49578E-05	6.49964E-06 
3.3523473E-01	2.45961E-05	6.48291E-06 
3.355096E-01	2.58893E-05	6.49493E-06 
3.3578449E-01	1.87459E-05	6.48606E-06 
3.3605936E-01	2.29109E-05	6.49090E-06 
3.3633423E-01	2.41859E-05	6.48454E-06 
3.366091E-01	2.08779E-05	6.47788E-06 
3.3688396E-01	2.17816E-05	6.48915E-06 
3.3715883E-01	1.09622E-05	6.48121E-06 
3.374337E-01	2.35100E-05	6.60384E-06 
3.3770859E-01	2.55878E-05	6.77269E-06 
3.3798346E-01	3.10133E-05	6.87994E-06 
3.3825833E-01	2.79304E-05	6.93719E-06 
3.3853319E-01	4.32858E-05	7.04089E-06 
3.3880806E-01	2.05688E-05	7.05749E-06 
3.3908293E-01	2.48319E-05	7.13227E-06 
3.3935779E-01	1.53985E-05	7.17233E-06 
3.3963269E-01	1.59910E-05	7.20843E-06 
3.3990756E-01	2.43180E-05	7.30383E-06 
3.4018242E-01	1.05986E-05	7.32151E-06 
3.4045729E-01	2.06546E-05	7.38840E-06 
3.4073216E-01	2.76103E-05	7.45135E-06 
3.4100702E-01	2.40411E-05	7.48593E-06 
3.4128192E-01	2.65816E-05	7.54759E-06 
3.4155679E-01	1.79387E-05	7.56399E-06 
3.4183165E-01	2.86258E-05	7.62086E-06 
3.4210652E-01	3.91207E-05	7.54190E-06 
3.4238139E-01	2.05540E-05	7.33204E-06 
3.4265625E-01	2.16918E-05	7.24376E-06 
3.4293112E-01	2.57290E-05	7.17788E-06 
3.4320602E-01	1.87815E-05	7.12926E-06 
3.4348089E-01	2.61264E-05	7.10330E-06 
3.4375575E-01	2.08934E-05	7.05812E-06 
3.4403062E-01	1.45911E-05	7.00206E-06 
3.4430549E-01	2.70331E-05	6.97895E-06 
3.4458035E-01	3.17172E-05	6.96925E-06 
3.4485522E-01	1.81371E-05	6.93012E-06 
3.4513012E-01	1.28122E-05	6.89945E-06 
3.4540498E-01	1.94614E-05	6.87872E-06 
3.4567985E-01	2.67872E-05	6.86962E-06 
3.4595472E-01	2.97560E-05	6.85120E-06 
3.4622958E-01	1.78004E-05	6.80678E-06 
3.4650445E-01	2.38503E-05	6.78886E-06 
3.4677932E-01	2.70357E-05	6.78919E-06 
3.4705421E-01	1.39292E-05	6.73955E-06 
3.4732908E-01	1.81658E-05	6.72663E-06 
3.4760395E-01	2.61407E-05	6.72446E-06 
3.4787881E-01	2.07827E-05	6.70929E-06 
3.4815368E-01	2.78878E-05	6.70576E-06 
3.4842855E-01	2.56630E-05	6.68221E-06 
3.4870341E-01	2.27803E-05	6.67697E-06 
3.4897831E-01	1.47395E-05	6.67263E-06 
3.4925318E-01	2.56421E-05	6.70050E-06 
3.4952804E-01	2.88262E-05	6.69354E-06 
3.4980291E-01	2.26899E-05	6.67196E-06 
3.5007778E-01	1.10398E-05	6.64258E-06 
3.5035264E-01	2.62295E-05	6.68044E-06 
3.5062751E-01	2.00442E-05	6.66321E-06 
3.5090241E-01	2.23380E-05	6.66532E-06 
3.5117728E-01	2.42509E-05	6.67297E-06 
3.5145214E-01	1.11515E-05	6.65793E-06 
3.5172701E-01	2.30805E-05	6.67532E-06 
3.5200188E-01	3.41504E-05	6.68231E-06 
3.5227674E-01	7.63552E-06	6.62549E-06 
3.5255161E-01	1.16435E-05	6.63022E-06 
3.5282651E-01	2.81495E-05	6.66162E-06 
3.5310137E-01	2.98347E-05	6.66654E-06 
3.5337624E-01	2.86296E-05	6.66146E-06 
3.5365111E-01	1.88745E-05	6.64341E-06 
3.5392597E-01	2.60150E-05	6.63642E-06 
3.5420084E-01	3.02124E-05	6.64759E-06 
3.5447574E-01	2.49331E-05	6.62535E-06 
3.547506E-01	1.18477E-05	6.60347E-06 
3.5502547E-01	1.12025E-05	6.61038E-06 
3.5530034E-01	1.51537E-05	6.61147E-06 
3.555752E-01	1.66681E-05	6.60377E-06 
3.5585007E-01	2.44916E-05	6.62282E-06 
3.5612494E-01	2.35945E-05	6.62890E-06 
3.5639983E-01	2.09536E-05	6.61672E-06 
3.566747E-01	3.41441E-05	6.61941E-06 
3.5694957E-01	2.90207E-05	6.60554E-06 
3.5722443E-01	2.88381E-05	6.61875E-06 
3.574993E-01	2.81294E-05	6.61402E-06 
3.5777417E-01	1.99866E-05	6.59697E-06 
3.5804904E-01	1.15399E-05	6.57927E-06 
3.5832393E-01	1.35164E-05	6.57382E-06 
3.585988E-01	1.71932E-05	6.58255E-06 
3.5887367E-01	9.86172E-06	6.56660E-06 
3.5914853E-01	1.09570E-05	6.56550E-06 
3.594234E-01	1.81824E-05	6.58229E-06 
3.5969827E-01	1.89603E-05	6.57703E-06 
3.5997313E-01	2.26244E-05	6.58015E-06 
3.6024803E-01	1.94625E-05	6.56675E-06 
3.605229E-01	2.42472E-05	6.57198E-06 
3.6079776E-01	2.23116E-05	6.58050E-06 
3.6107263E-01	1.78530E-05	6.57821E-06 
3.613475E-01	3.30353E-05	6.60204E-06 
3.6162236E-01	2.50473E-05	6.58189E-06 
3.6189723E-01	1.67802E-05	6.57564E-06 
3.6217213E-01	2.19465E-05	6.59061E-06 
3.6244699E-01	1.75728E-05	6.58590E-06 
3.6272186E-01	2.73355E-05	6.60081E-06 
3.6299673E-01	2.13718E-05	6.60592E-06 
3.6327159E-01	1.07111E-05	6.59035E-06 
3.6354646E-01	1.36695E-05	6.60058E-06 
3.6382133E-01	2.02809E-05	6.61030E-06 
3.6409622E-01	2.22890E-05	6.62584E-06 
3.6437109E-01	2.69616E-05	6.64766E-06 
3.6464596E-01	2.17906E-05	6.64732E-06 
3.6492082E-01	1.21609E-05	6.63104E-06 
3.6519569E-01	1.94165E-05	6.65778E-06 
3.6547056E-01	2.28972E-05	6.67125E-06 
3.6574543E-01	2.60012E-05	6.68768E-06 
3.6602032E-01	1.88316E-05	6.68415E-06 
3.6629519E-01	3.84218E-05	6.71883E-06 
3.6657006E-01	3.69409E-05	6.72241E-06 
3.6684492E-01	1.62660E-05	6.70265E-06 
3.6711979E-01	1.06030E-05	6.69944E-06 
3.6739466E-01	6.25811E-06	6.69719E-06 
3.6766955E-01	2.92770E-05	6.75641E-06 
3.6794442E-01	8.10533E-06	6.71292E-06 
3.6821929E-01	1.59282E-05	6.73345E-06 
3.6849415E-01	2.50065E-05	6.75806E-06 
3.6876902E-01	3.02403E-05	6.77877E-06 
3.6904389E-01	6.00843E-06	6.74856E-06 
3.6931875E-01	1.48530E-05	6.77920E-06 
3.6959365E-01	1.88642E-05	6.78798E-06 
3.6986852E-01	2.41739E-05	6.81149E-06 
3.7014338E-01	2.89384E-05	6.82661E-06 
3.7041825E-01	2.40756E-05	6.83101E-06 
3.7069312E-01	2.25528E-05	6.84136E-06 
3.7096798E-01	1.03771E-05	6.82615E-06 
3.7124285E-01	1.53195E-05	6.85135E-06 
3.7151775E-01	1.94028E-05	6.87201E-06 
3.7179261E-01	2.02061E-05	6.87089E-06 
3.7206748E-01	1.89372E-05	6.87082E-06 
3.7234235E-01	7.05648E-06	6.87474E-06 
3.7261721E-01	2.23475E-05	6.90581E-06 
3.7289208E-01	2.99685E-05	6.92970E-06 
3.7316695E-01	7.40297E-06	6.89930E-06 
3.7344185E-01	9.13963E-06	6.92466E-06 
3.7371671E-01	2.29669E-05	6.94684E-06 
3.7399158E-01	2.13817E-05	6.95599E-06 
3.7426645E-01	1.58446E-05	6.95725E-06 
3.7454131E-01	1.54615E-05	6.96493E-06 
3.7481618E-01	2.16491E-05	6.98470E-06 
3.7509105E-01	2.15265E-05	7.00697E-06 
3.7536594E-01	1.03965E-05	6.99465E-06 
3.7564081E-01	2.14867E-05	7.01830E-06 
3.7591568E-01	2.15069E-05	7.02857E-06 
3.7619054E-01	2.04661E-05	7.04871E-06 
3.7646541E-01	1.53030E-05	7.04696E-06 
3.7674028E-01	2.96434E-05	7.09668E-06 
3.7701514E-01	2.05518E-05	7.08203E-06 
3.7729004E-01	1.91098E-05	7.09134E-06 
3.7756491E-01	1.40507E-05	7.09990E-06 
3.7783977E-01	1.62777E-05	7.11738E-06 
3.7811464E-01	1.76405E-05	7.12893E-06 
3.7838951E-01	3.24902E-05	7.18536E-06 
3.7866437E-01	1.72709E-05	7.14803E-06 
3.7893927E-01	2.46351E-05	7.16114E-06 
3.7921414E-01	1.27635E-05	7.12059E-06 
3.794890E-01	1.49620E-05	7.10937E-06 
3.7976387E-01	1.97645E-05	7.10580E-06 
3.8003874E-01	2.07062E-05	7.09270E-06 
3.8031361E-01	2.30707E-05	7.07090E-06 
3.8058847E-01	4.84652E-05	7.11322E-06 
3.8086337E-01	9.00624E-06	7.03973E-06 
3.8113824E-01	3.01589E-05	7.08473E-06 
3.814131E-01	3.07816E-05	7.10225E-06 
3.8168797E-01	1.75413E-05	7.09166E-06 
3.8196284E-01	2.19522E-05	7.11604E-06 
3.822377E-01	2.96510E-05	7.14831E-06 
3.8251257E-01	2.61102E-05	7.15733E-06 
3.8278747E-01	1.60743E-05	7.15221E-06 
3.8306233E-01	1.13110E-05	7.16170E-06 
3.833372E-01	1.03618E-05	7.18438E-06 
3.8361207E-01	1.66229E-05	7.21323E-06 
3.8388693E-01	2.20639E-05	7.23687E-06 
3.841618E-01	1.81425E-05	7.24757E-06 
3.8443667E-01	3.32928E-05	7.28727E-06 
3.8471156E-01	2.00852E-05	7.28116E-06 
3.8498643E-01	3.75057E-06	7.27809E-06 
3.852613E-01	-7.27236E-06	7.27359E-06 
3.8553616E-01	5.87745E-06	7.31404E-06 
3.8581103E-01	1.38586E-05	7.33994E-06 
3.860859E-01	9.49935E-06	7.34653E-06 
3.8636076E-01	2.25817E-05	7.40536E-06 
3.8663566E-01	3.28691E-05	7.44400E-06 
3.8691053E-01	1.46966E-05	7.42759E-06 
3.8718539E-01	1.13480E-05	7.44121E-06 
3.8746026E-01	1.77544E-05	7.47077E-06 
3.8773513E-01	2.77545E-05	7.51780E-06 
3.880100E-01	1.88546E-05	7.51258E-06 
3.8828486E-01	1.07314E-05	7.52599E-06 
3.8855976E-01	1.24723E-05	7.54690E-06 
3.8883463E-01	1.96682E-05	7.58243E-06 
3.8910949E-01	1.47659E-05	7.60201E-06 
3.8938436E-01	9.85723E-06	7.62020E-06 
3.8965923E-01	1.88576E-05	7.66417E-06 
3.8993409E-01	1.24978E-05	7.67399E-06 
3.9020896E-01	1.75232E-05	7.70206E-06 
3.9048386E-01	3.10056E-05	7.74357E-06 
3.9075872E-01	1.74653E-05	7.75968E-06 
3.9103359E-01	2.70194E-05	7.80399E-06 
3.9130846E-01	3.38368E-05	7.83883E-06 
3.9158332E-01	1.55045E-05	7.83018E-06 
3.9185819E-01	1.95580E-05	7.87935E-06 
3.9213309E-01	2.61206E-05	7.89083E-06 
3.9240795E-01	4.31200E-05	7.95316E-06 
3.9268282E-01	3.96138E-05	7.97147E-06 
3.9295769E-01	4.05154E-05	8.01311E-06 
3.9323255E-01	5.89291E-06	7.98569E-06 
3.9350742E-01	2.25334E-05	8.05702E-06 
3.9378229E-01	3.17743E-05	8.10526E-06 
3.9405718E-01	2.19288E-05	8.11809E-06 
3.9433205E-01	2.46381E-05	8.16854E-06 
3.9460692E-01	1.46821E-05	8.16122E-06 
3.9488178E-01	2.29206E-05	8.22194E-06 
3.9515665E-01	1.36749E-05	8.22996E-06 
3.9543152E-01	2.17309E-05	8.33798E-06 
3.9570639E-01	2.91474E-06	8.59922E-06 
3.9598128E-01	2.52320E-05	9.11130E-06 
3.9625615E-01	1.36906E-05	9.38725E-06 
3.9653102E-01	1.45329E-05	9.67689E-06 
3.9680588E-01	2.45113E-05	9.97990E-06 
3.9708075E-01	2.27223E-05	1.02694E-05 
3.9735562E-01	1.82097E-05	1.05355E-05 
3.9763048E-01	1.75826E-05	1.08210E-05 
3.9790538E-01	3.58282E-05	1.12125E-05 
3.9818025E-01	3.24376E-05	1.15167E-05 
3.9845511E-01	5.25849E-05	1.19158E-05 
3.9872998E-01	5.00818E-05	1.22855E-05 
3.9900485E-01	2.80883E-05	1.26462E-05 
3.9927971E-01	2.05810E-05	1.30654E-05 
3.9955458E-01	2.27631E-05	1.34999E-05 
3.9982948E-01	1.43321E-05	1.39709E-05 
4.0010434E-01	2.01254E-05	1.45985E-05 
4.0037921E-01	1.93956E-05	1.39928E-05 
4.0065408E-01	5.78356E-05	1.31606E-05 
4.0092894E-01	1.90577E-05	1.27059E-05 
4.0120381E-01	7.54394E-06	1.24965E-05 
4.0147868E-01	3.10714E-05	1.23488E-05 
4.0175357E-01	3.11113E-05	1.22626E-05 
4.0202844E-01	1.22159E-05	1.21982E-05 
4.0230331E-01	1.26266E-05	1.22248E-05 
4.0257818E-01	1.06578E-05	1.22594E-05 
4.0285304E-01	1.60465E-05	1.23730E-05 
4.0312791E-01	1.59959E-05	1.24721E-05 
4.0340278E-01	2.89701E-05	1.26365E-05 
4.0367767E-01	1.90187E-05	1.25609E-05 
4.0395254E-01	1.85190E-05	1.23755E-05 
4.0422741E-01	2.15516E-05	1.21831E-05 
4.0450227E-01	2.36181E-05	1.20018E-05 
4.0477714E-01	1.20836E-05	1.17442E-05 
4.0505201E-01	2.12571E-05	1.16000E-05 
4.053269E-01	1.11109E-05	1.14040E-05 
4.0560177E-01	3.09171E-05	1.14235E-05 
4.0587664E-01	2.97996E-05	1.15502E-05 
4.061515E-01	1.31602E-05	1.17534E-05 
4.0642637E-01	2.23750E-05	1.20243E-05 
4.0670124E-01	4.09348E-05	1.24025E-05 
4.069761E-01	1.64668E-05	1.26740E-05 
4.072510E-01	9.58745E-06	1.29936E-05 
4.0752587E-01	1.93301E-05	1.34872E-05 
